0 0.22030237580993522 0.08833333333333333 0.22030237580993522 0.08666666666666667
0 0.42008639308855295 0.0775 0.13606911447084233 0.06166666666666667
0 0.6220302375809935 0.07583333333333334 0.21598272138228944 0.06166666666666667
0 0.8002159827213824 0.07666666666666667 0.1533477321814255 0.05333333333333334
0 0.22138228941684668 0.3216666666666667 0.2224622030237581 0.08666666666666667
0 0.408207343412527 0.32083333333333336 0.16846652267818576 0.085
0 0.6976241900647948 0.3141666666666667 0.3542116630669547 0.06166666666666667
0 0.2634989200863931 0.5566666666666668 0.306695464362851 0.09333333333333334
0 0.4557235421166307 0.5375000000000001 0.1123110151187905 0.06166666666666667
0 0.7030237580993521 0.5558333333333334 0.3390928725701944 0.095
0 0.23326133909287258 0.7675000000000001 0.24622030237580994 0.06833333333333334
0 0.4244060475161987 0.7733333333333334 0.1922246220302376 0.07666666666666667
0 0.6058315334773219 0.77 0.13606911447084233 0.06333333333333334
0 0.7796976241900648 0.7716666666666667 0.21166306695464365 0.08333333333333334
