0 0.1922246220302376 0.07916666666666668 0.16414686825053998 0.05166666666666667
0 0.398488120950324 0.07833333333333334 0.2354211663066955 0.06333333333333334
0 0.6414686825053996 0.07333333333333333 0.17710583153347734 0.05
0 0.8045356371490281 0.07500000000000001 0.15766738660907129 0.060000000000000005
0 0.27105831533477326 0.29750000000000004 0.3347732181425486 0.055
0 0.5766738660907128 0.3141666666666667 0.24190064794816415 0.07833333333333334
0 0.22786177105831534 0.5341666666666667 0.2311015118790497 0.07500000000000001
0 0.42764578833693306 0.525 0.16414686825053998 0.04666666666666667
0 0.5950323974082073 0.5258333333333334 0.15766738660907129 0.055
0 0.7818574514038877 0.52 0.22030237580993522 0.05333333333333334
0 0.34233261339092874 0.7608333333333334 0.11879049676025918 0.06833333333333334
0 0.47300215982721383 0.7533333333333334 0.14254859611231102 0.043333333333333335
