0 0.21166306695464365 0.09250000000000001 0.19870410367170627 0.085
0 0.37257019438444927 0.07333333333333333 0.09719222462203024 0.043333333333333335
0 0.6166306695464363 0.0825 0.20518358531317496 0.065
0 0.8056155507559396 0.07583333333333334 0.17278617710583155 0.06166666666666667
0 0.24406047516198706 0.3066666666666667 0.2678185745140389 0.06666666666666667
0 0.43412526997840173 0.3125 0.13390928725701945 0.08166666666666667
0 0.7915766738660908 0.32083333333333336 0.1965442764578834 0.09166666666666667
0 0.8099352051835854 0.3416666666666667 0.14254859611231102 0.05
0 0.1900647948164147 0.5241666666666667 0.16846652267818576 0.05166666666666667
0 0.38336933045356375 0.5358333333333334 0.21814254859611232 0.06166666666666667
0 0.6479481641468683 0.5325000000000001 0.306695464362851 0.06166666666666667
0 0.8466522678185746 0.5258333333333334 0.09071274298056156 0.04833333333333334
0 0.22138228941684668 0.76 0.2267818574514039 0.05333333333333334
0 0.43304535637149033 0.7616666666666667 0.18790496760259182 0.05666666666666667
0 0.7570194384449245 0.7633333333333334 0.15766738660907129 0.07333333333333333
