0 0.16090712742980562 0.09666666666666668 0.09719222462203024 0.10666666666666667
0 0.316414686825054 0.11416666666666668 0.2267818574514039 0.135
0 0.4697624190064795 0.10916666666666668 0.11015118790496761 0.13166666666666668
0 0.20302375809935205 0.31 0.18142548596112312 0.07
0 0.4028077753779698 0.32 0.21814254859611232 0.09000000000000001
0 0.6025917926565875 0.1675 0.13822894168466524 0.07833333333333334
0 0.8315334773218143 0.16666666666666669 0.11663066954643629 0.07666666666666667
0 0.2267818574514039 0.5475 0.2289416846652268 0.09166666666666667
0 0.38660907127429806 0.5358333333333334 0.1511879049676026 0.07166666666666667
0 0.6414686825053996 0.8033333333333333 0.16414686825053998 0.15666666666666668
0 0.7721382289416847 0.7941666666666667 0.20518358531317496 0.13166666666666668
