0 0.2354211663066955 0.09250000000000001 0.28509719222462204 0.08833333333333333
0 0.4470842332613391 0.08 0.16414686825053998 0.07
0 0.7397408207343413 0.07666666666666667 0.36501079913606915 0.06666666666666667
0 0.16306695464362853 0.30833333333333335 0.14902807775377971 0.07333333333333333
0 0.34017278617710583 0.305 0.2224622030237581 0.060000000000000005
0 0.4006479481641469 0.3383333333333334 0.12742980561555076 0.06333333333333334
0 0.5885529157667387 0.32 0.1922246220302376 0.09666666666666668
0 0.7980561555075595 0.30583333333333335 0.21814254859611232 0.06166666666666667
0 0.39416846652267823 0.53 0.21814254859611232 0.06333333333333334
0 0.4028077753779698 0.5766666666666667 0.17494600431965443 0.05666666666666667
0 0.724622030237581 0.5391666666666667 0.38660907127429806 0.07833333333333334
0 0.28941684665226786 0.7733333333333334 0.40172786177105835 0.09000000000000001
0 0.6803455723542117 0.7633333333333334 0.3455723542116631 0.06666666666666667
0 0.7829373650107991 0.8041666666666667 0.17494600431965443 0.05166666666666667
