0 0.2062634989200864 0.0825 0.2224622030237581 0.07833333333333334
0 0.37580993520518363 0.07 0.10799136069114472 0.04666666666666667
0 0.6684665226781857 0.09083333333333334 0.32181425485961124 0.09833333333333334
0 0.21598272138228944 0.3116666666666667 0.24622030237580994 0.07333333333333333
0 0.398488120950324 0.30000000000000004 0.12742980561555076 0.05666666666666667
0 0.5755939524838013 0.30083333333333334 0.20518358531317496 0.058333333333333334
0 0.8012958963282938 0.3116666666666667 0.19870410367170627 0.08666666666666667
0 0.1857451403887689 0.5283333333333333 0.17278617710583155 0.05333333333333334
0 0.4136069114470843 0.54 0.1922246220302376 0.07666666666666667
0 0.6749460043196545 0.5466666666666667 0.20086393088552917 0.09000000000000001
0 0.8358531317494601 0.5366666666666667 0.13822894168466524 0.07666666666666667
0 0.35205183585313177 0.7666666666666667 0.24190064794816415 0.07
0 0.44816414686825057 0.7783333333333334 0.08855291576673867 0.04666666666666667
0 0.6306695464362851 0.7733333333333334 0.17278617710583155 0.09333333333333334
0 0.8012958963282938 0.7733333333333334 0.18142548596112312 0.08333333333333334
