0 0.2904967602591793 0.09416666666666668 0.14470842332613393 0.09166666666666667
0 0.44816414686825057 0.085 0.1922246220302376 0.07666666666666667
0 0.7321814254859612 0.09000000000000001 0.3455723542116631 0.08666666666666667
0 0.2840172786177106 0.3191666666666667 0.36069114470842334 0.08833333333333333
0 0.6965442764578834 0.32 0.38660907127429806 0.09333333333333334
0 0.18790496760259182 0.5441666666666667 0.1900647948164147 0.08833333333333333
0 0.3552915766738661 0.5433333333333333 0.13174946004319654 0.07666666666666667
0 0.5334773218142549 0.5583333333333333 0.03455723542116631 0.05333333333333334
0 0.734341252699784 0.5425 0.31533477321814257 0.08166666666666667
0 0.22786177105831534 0.7708333333333334 0.24838012958963285 0.085
0 0.4233261339092873 0.775 0.12526997840172788 0.08
0 0.591792656587473 0.775 0.10799136069114472 0.08
