0 0.15226781857451405 0.08750000000000001 0.12742980561555076 0.07833333333333334
0 0.2861771058315335 0.08750000000000001 0.16630669546436286 0.07500000000000001
0 0.42764578833693306 0.2275 0.10799136069114472 0.055
0 0.6317494600431965 0.07583333333333334 0.24406047516198706 0.06166666666666667
0 0.8315334773218143 0.07916666666666668 0.12958963282937366 0.058333333333333334
0 0.29481641468682507 0.3125 0.3347732181425486 0.07500000000000001
0 0.7095032397408207 0.315 0.2699784017278618 0.08
0 0.1781857451403888 0.5525 0.183585313174946 0.09833333333333334
0 0.3736501079913607 0.56 0.23326133909287258 0.11666666666666667
0 0.6317494600431965 0.5575 0.24838012958963285 0.10166666666666667
0 0.8218142548596112 0.5491666666666667 0.16630669546436286 0.09166666666666667
0 0.31101511879049676 0.765 0.23758099352051837 0.07333333333333333
0 0.42980561555075597 0.8250000000000001 0.12526997840172788 0.07
0 0.5863930885529158 0.7683333333333334 0.10583153347732183 0.08
0 0.7300215982721383 0.7725000000000001 0.10799136069114472 0.085
