0 0.5485961123110151 0.08166666666666667 0.1857451403887689 0.07
0 0.23434125269978404 0.30583333333333335 0.09287257019438445 0.065
0 0.4006479481641469 0.3241666666666667 0.2267818574514039 0.10166666666666667
0 0.6144708423326134 0.31 0.12311015118790497 0.07
0 0.7807775377969763 0.3166666666666667 0.2224622030237581 0.07666666666666667
0 0.1717062634989201 0.535 0.12742980561555076 0.05333333333333334
0 0.3304535637149028 0.5333333333333333 0.18142548596112312 0.06333333333333334
0 0.21814254859611232 0.7033333333333334 0.20734341252699784 0.03666666666666667
0 0.49136069114470843 0.5416666666666667 0.11015118790496761 0.07
0 0.5129589632829374 0.5708333333333334 0.07127429805615551 0.055
0 0.2526997840172786 0.7641666666666667 0.19438444924406048 0.055
0 0.5561555075593952 0.7683333333333334 0.17494600431965443 0.07333333333333333
0 0.7267818574514039 0.9216666666666667 0.28725701943844495 0.04666666666666667
