0 0.3142548596112311 0.09000000000000001 0.2526997840172786 0.08666666666666667
0 0.3876889848812095 0.12083333333333333 0.1922246220302376 0.04833333333333334
0 0.6997840172786177 0.10583333333333333 0.31965442764578833 0.12166666666666667
0 0.7354211663066955 0.24333333333333335 0.183585313174946 0.043333333333333335
0 0.28725701943844495 0.3216666666666667 0.2937365010799136 0.09333333333333334
0 0.40388768898488125 0.465 0.20734341252699784 0.04666666666666667
0 0.7073434125269978 0.31583333333333335 0.347732181425486 0.08833333333333333
0 0.28509719222462204 0.5525 0.3801295896328294 0.10500000000000001
0 0.7041036717062635 0.5491666666666667 0.15982721382289417 0.08166666666666667
0 0.8250539956803457 0.54 0.15982721382289417 0.06333333333333334
0 0.8509719222462203 0.5900000000000001 0.10367170626349892 0.060000000000000005
0 0.28725701943844495 0.7758333333333334 0.33693304535637153 0.09166666666666667
0 0.66414686825054 0.7833333333333334 0.3822894168466523 0.10333333333333335
