0 0.27429805615550756 0.08333333333333334 0.306695464362851 0.08333333333333334
0 0.6501079913606912 0.07583333333333334 0.12095032397408208 0.065
0 0.19114470842332615 0.32083333333333336 0.21382289416846653 0.11833333333333335
0 0.3920086393088553 0.31083333333333335 0.21382289416846653 0.07500000000000001
0 0.5971922246220303 0.3075 0.183585313174946 0.06833333333333334
0 0.8110151187904968 0.29750000000000004 0.183585313174946 0.04833333333333334
0 0.623110151187905 0.54 0.1965442764578834 0.08333333333333334
0 0.8023758099352052 0.5333333333333333 0.1533477321814255 0.07666666666666667
0 0.18682505399568036 0.6683333333333333 0.20950323974082075 0.11333333333333334
0 0.4686825053995681 0.6016666666666667 0.06911447084233262 0.05333333333333334
0 0.173866090712743 0.8091666666666667 0.16630669546436286 0.085
0 0.3326133909287257 0.8066666666666668 0.14254859611231102 0.07666666666666667
0 0.6025917926565875 0.915 0.09935205183585313 0.060000000000000005
0 0.7213822894168467 0.9166666666666667 0.09935205183585313 0.05
