0 0.5259179265658748 0.1375 0.1965442764578834 0.18166666666666667
0 0.7192224622030238 0.12166666666666667 0.31101511879049676 0.15333333333333335
0 0.8120950323974082 0.44833333333333336 0.1857451403887689 0.09000000000000001
0 0.19330453563714903 0.5475 0.20518358531317496 0.095
0 0.347732181425486 0.545 0.12958963282937366 0.09000000000000001
0 0.8012958963282938 0.545 0.23758099352051837 0.09666666666666668
0 0.2861771058315335 0.775 0.40388768898488125 0.09333333333333334
0 0.4103671706263499 0.8250000000000001 0.1511879049676026 0.04
0 0.5583153347732182 0.7683333333333334 0.14038876889848814 0.07666666666666667
0 0.6835853131749461 0.7775000000000001 0.11879049676025918 0.085
0 0.8153347732181426 0.7775000000000001 0.17494600431965443 0.08833333333333333
