0 0.3088552915766739 0.07916666666666668 0.4060475161987041 0.065
0 0.1468682505399568 0.10583333333333333 0.08207343412526999 0.03166666666666667
0 0.20734341252699784 0.2991666666666667 0.21166306695464365 0.05166666666666667
0 0.38552915766738666 0.3141666666666667 0.183585313174946 0.095
0 0.5691144708423327 0.30083333333333334 0.1144708423326134 0.058333333333333334
0 0.7008639308855292 0.30083333333333334 0.14470842332613393 0.05166666666666667
0 0.8250539956803457 0.3016666666666667 0.08207343412526999 0.06333333333333334
0 0.20302375809935205 0.535 0.20302375809935205 0.08
0 0.3779697624190065 0.525 0.15550755939524838 0.06333333333333334
0 0.5485961123110151 0.535 0.15982721382289417 0.07666666666666667
0 0.6997840172786177 0.535 0.12958963282937366 0.07666666666666667
0 0.8185745140388769 0.5366666666666667 0.1468682505399568 0.08333333333333334
0 0.1965442764578834 0.7791666666666667 0.12958963282937366 0.10166666666666667
0 0.5907127429805616 0.7616666666666667 0.1922246220302376 0.06666666666666667
0 0.7904967602591794 0.7691666666666667 0.1857451403887689 0.09166666666666667
