0 0.19978401727861772 0.08833333333333333 0.21382289416846653 0.08
0 0.3930885529157668 0.08 0.20734341252699784 0.06666666666666667
0 0.6144708423326134 0.08666666666666667 0.20950323974082075 0.08666666666666667
0 0.8088552915766739 0.08166666666666667 0.20086393088552917 0.08
0 0.8088552915766739 0.24083333333333334 0.1533477321814255 0.04833333333333334
0 0.19330453563714903 0.3016666666666667 0.1533477321814255 0.05666666666666667
0 0.37041036717062636 0.3016666666666667 0.183585313174946 0.04666666666666667
0 0.775377969762419 0.2941666666666667 0.2678185745140389 0.03833333333333334
0 0.8228941684665227 0.4608333333333334 0.17278617710583155 0.058333333333333334
0 0.1781857451403888 0.5366666666666667 0.183585313174946 0.07
0 0.3920086393088553 0.5425 0.17062634989200864 0.07500000000000001
0 0.2062634989200864 0.7675000000000001 0.2354211663066955 0.07500000000000001
0 0.40388768898488125 0.7841666666666667 0.16414686825053998 0.07166666666666667
0 0.6252699784017279 0.7691666666666667 0.23974082073434128 0.07166666666666667
0 0.7775377969762419 0.7625000000000001 0.25053995680345575 0.04833333333333334
0 0.8628509719222462 0.9016666666666667 0.08423326133909288 0.1
