0 0.2267818574514039 0.08750000000000001 0.23326133909287258 0.085
0 0.42224622030237585 0.10583333333333333 0.17062634989200864 0.11166666666666668
0 0.5863930885529158 0.085 0.11015118790496761 0.07333333333333333
0 0.7570194384449245 0.085 0.2267818574514039 0.08666666666666667
0 0.7948164146868251 0.225 0.16846652267818576 0.060000000000000005
0 0.24622030237580994 0.3225 0.2807775377969763 0.09833333333333334
0 0.42548596112311016 0.32333333333333336 0.09503239740820735 0.11
0 0.6943844492440605 0.30333333333333334 0.38660907127429806 0.06666666666666667
0 0.22570194384449246 0.5375000000000001 0.2354211663066955 0.07166666666666667
0 0.4006479481641469 0.5391666666666667 0.09719222462203024 0.07166666666666667
0 0.593952483801296 0.5491666666666667 0.224622030237581 0.09833333333333334
0 0.7332613390928726 0.5391666666666667 0.17494600431965443 0.07500000000000001
0 0.847732181425486 0.5375000000000001 0.07991360691144708 0.08166666666666667
0 0.18466522678185746 0.7833333333333334 0.14470842332613393 0.10333333333333335
0 0.4352051835853132 0.76 0.183585313174946 0.06333333333333334
0 0.7181425485961124 0.755 0.11015118790496761 0.05333333333333334
