0 0.306695464362851 0.07333333333333333 0.3844492440604752 0.060000000000000005
0 0.41576673866090713 0.11083333333333334 0.20086393088552917 0.06833333333333334
0 0.695464362850972 0.0625 0.306695464362851 0.03833333333333334
0 0.28293736501079914 0.3091666666666667 0.3455723542116631 0.06833333333333334
0 0.6695464362850972 0.29583333333333334 0.39740820734341253 0.05166666666666667
0 0.265658747300216 0.5408333333333334 0.29805615550755943 0.07500000000000001
0 0.6987041036717063 0.5375000000000001 0.3736501079913607 0.065
0 0.24622030237580994 0.7658333333333334 0.2678185745140389 0.07166666666666667
0 0.6274298056155508 0.7625000000000001 0.5205183585313176 0.08166666666666667
0 0.8023758099352052 0.7916666666666667 0.0755939524838013 0.04666666666666667
