0 0.39092872570194387 0.08 0.21598272138228944 0.060000000000000005
0 0.6414686825053996 0.09250000000000001 0.25053995680345575 0.085
0 0.8336933045356372 0.09833333333333334 0.1123110151187905 0.10666666666666667
0 0.21274298056155508 0.315 0.2224622030237581 0.08
0 0.37041036717062636 0.3016666666666667 0.10151187904967603 0.05333333333333334
0 0.4654427645788337 0.3016666666666667 0.08855291576673867 0.05333333333333334
0 0.6371490280777539 0.32 0.224622030237581 0.09000000000000001
0 0.8110151187904968 0.3191666666666667 0.15766738660907129 0.085
0 0.21382289416846653 0.5366666666666667 0.20734341252699784 0.07333333333333333
0 0.5442764578833693 0.535 0.16414686825053998 0.06333333333333334
0 0.7613390928725703 0.5291666666666667 0.2526997840172786 0.055
0 0.2580993520518359 0.7575000000000001 0.30021598272138234 0.06833333333333334
0 0.5140388768898488 0.7683333333333334 0.21166306695464365 0.09000000000000001
0 0.765658747300216 0.76 0.2267818574514039 0.07
