0 0.2041036717062635 0.12083333333333333 0.17926565874730022 0.14833333333333334
0 0.3747300215982722 0.11416666666666668 0.31317494600431967 0.13833333333333334
0 0.591792656587473 0.09583333333333334 0.08639308855291578 0.09833333333333334
0 0.765658747300216 0.08833333333333333 0.2354211663066955 0.09333333333333334
0 0.23434125269978404 0.32 0.23974082073434128 0.07666666666666667
0 0.44060475161987045 0.30083333333333334 0.12526997840172788 0.04166666666666667
0 0.4449244060475162 0.4658333333333334 0.14254859611231102 0.045000000000000005
0 0.7084233261339093 0.3216666666666667 0.34989200863930886 0.08666666666666667
0 0.7375809935205184 0.32333333333333336 0.2958963282937365 0.060000000000000005
0 0.8466522678185746 0.3741666666666667 0.08207343412526999 0.07166666666666667
0 0.15010799136069117 0.5575 0.08423326133909288 0.09833333333333334
0 0.23650107991360692 0.5558333333333334 0.08855291576673867 0.10166666666666667
0 0.347732181425486 0.5491666666666667 0.1511879049676026 0.09833333333333334
0 0.45896328293736505 0.54 0.11879049676025918 0.08
0 0.7667386609071275 0.5641666666666667 0.24622030237580994 0.12166666666666667
0 0.15982721382289417 0.7775000000000001 0.1123110151187905 0.09166666666666667
0 0.32397408207343414 0.7691666666666667 0.23758099352051837 0.08833333333333333
0 0.47948164146868255 0.7775000000000001 0.11663066954643629 0.10166666666666667
0 0.6576673866090713 0.7966666666666667 0.20950323974082075 0.13
0 0.8056155507559396 0.7933333333333333 0.15550755939524838 0.12666666666666668
