0 0.7105831533477323 0.07916666666666668 0.3542116630669547 0.058333333333333334
0 0.19762419006479484 0.3141666666666667 0.17494600431965443 0.07500000000000001
0 0.3898488120950324 0.3175 0.2354211663066955 0.085
0 0.6166306695464363 0.3041666666666667 0.1965442764578834 0.058333333333333334
0 0.7861771058315336 0.3125 0.17710583153347734 0.09166666666666667
0 0.2786177105831534 0.5316666666666667 0.3412526997840173 0.060000000000000005
0 0.5583153347732182 0.5316666666666667 0.20950323974082075 0.07333333333333333
0 0.775377969762419 0.5241666666666667 0.24190064794816415 0.05166666666666667
0 0.2224622030237581 0.7675000000000001 0.21598272138228944 0.07500000000000001
0 0.4449244060475162 0.7525000000000001 0.2289416846652268 0.04833333333333334
0 0.7365010799136069 0.75 0.33693304535637153 0.05
