0 0.2915766738660907 0.0825 0.4060475161987041 0.07833333333333334
0 0.6976241900647948 0.08916666666666667 0.39740820734341253 0.095
0 0.19330453563714903 0.32916666666666666 0.09719222462203024 0.09166666666666667
0 0.49568034557235424 0.3116666666666667 0.09719222462203024 0.060000000000000005
0 0.644708423326134 0.3016666666666667 0.17062634989200864 0.06333333333333334
0 0.8120950323974082 0.31583333333333335 0.19438444924406048 0.09166666666666667
0 0.22138228941684668 0.5333333333333333 0.2570194384449244 0.07
0 0.40388768898488125 0.5433333333333333 0.14254859611231102 0.07666666666666667
0 0.5561555075593952 0.5316666666666667 0.13174946004319654 0.060000000000000005
0 0.7764578833693305 0.555 0.27429805615550756 0.12000000000000001
0 0.8412526997840173 0.5666666666666667 0.10583153347732183 0.043333333333333335
0 0.2958963282937365 0.7816666666666667 0.34989200863930886 0.09333333333333334
0 0.2062634989200864 0.8183333333333334 0.10583153347732183 0.05333333333333334
0 0.3488120950323974 0.8150000000000001 0.06263498920086394 0.043333333333333335
0 0.6533477321814255 0.7616666666666667 0.2915766738660907 0.06333333333333334
0 0.8369330453563716 0.7808333333333334 0.14470842332613393 0.09166666666666667
