0 0.21274298056155508 0.08083333333333334 0.2224622030237581 0.07833333333333334
0 0.41576673866090713 0.08083333333333334 0.14902807775377971 0.06833333333333334
0 0.5734341252699784 0.08083333333333334 0.12742980561555076 0.065
0 0.7948164146868251 0.08666666666666667 0.2289416846652268 0.07666666666666667
0 0.30345572354211664 0.31083333333333335 0.39956803455723544 0.08166666666666667
0 0.4319654427645789 0.33083333333333337 0.15982721382289417 0.025
0 0.6209503239740821 0.29333333333333333 0.20518358531317496 0.04666666666666667
0 0.20302375809935205 0.5383333333333333 0.2289416846652268 0.07333333333333333
0 0.38660907127429806 0.5316666666666667 0.16414686825053998 0.060000000000000005
0 0.6997840172786177 0.5483333333333333 0.28509719222462204 0.08333333333333334
0 0.35853131749460043 0.7683333333333334 0.2548596112311015 0.06666666666666667
0 0.6360691144708424 0.7783333333333334 0.2958963282937365 0.09333333333333334
0 0.857451403887689 0.7683333333333334 0.09503239740820735 0.06666666666666667
