0 0.2634989200863931 0.09166666666666667 0.29805615550755943 0.09000000000000001
0 0.5777537796976242 0.08666666666666667 0.20950323974082075 0.08333333333333334
0 0.7796976241900648 0.07833333333333334 0.20734341252699784 0.06666666666666667
0 0.8434125269978402 0.08833333333333333 0.06695464362850972 0.04
0 0.2732181425485961 0.30083333333333334 0.3174946004319655 0.06166666666666667
0 0.47948164146868255 0.30083333333333334 0.08639308855291578 0.055
0 0.6673866090712743 0.3066666666666667 0.31965442764578833 0.06333333333333334
0 0.8434125269978402 0.3175 0.08855291576673867 0.08833333333333333
0 0.591792656587473 0.5425 0.20302375809935205 0.08166666666666667
0 0.7818574514038877 0.5416666666666667 0.20302375809935205 0.08
0 0.15010799136069117 0.7475 0.07991360691144708 0.03833333333333334
0 0.3390928725701944 0.7608333333333334 0.28509719222462204 0.065
0 0.5647948164146869 0.775 0.12311015118790497 0.09333333333333334
0 0.654427645788337 0.7716666666666667 0.08639308855291578 0.1
0 0.7321814254859612 0.77 0.09503239740820735 0.09000000000000001
