0 0.29481641468682507 0.095 0.3693304535637149 0.09333333333333334
0 0.5896328293736501 0.08083333333333334 0.1857451403887689 0.065
0 0.7840172786177106 0.07833333333333334 0.20302375809935205 0.07333333333333333
0 0.22354211663066956 0.3041666666666667 0.2224622030237581 0.065
0 0.449244060475162 0.30583333333333335 0.2591792656587473 0.055
0 0.7462203023758099 0.3041666666666667 0.2699784017278618 0.06166666666666667
0 0.3250539956803456 0.5291666666666667 0.2570194384449244 0.058333333333333334
0 0.6911447084233262 0.5308333333333334 0.3930885529157668 0.055
0 0.30345572354211664 0.765 0.3822894168466523 0.060000000000000005
0 0.6090712742980562 0.7566666666666667 0.21166306695464365 0.06333333333333334
0 0.7915766738660908 0.7741666666666667 0.18790496760259182 0.095
