0 0.28293736501079914 0.08333333333333334 0.33693304535637153 0.07333333333333333
0 0.7159827213822895 0.0775 0.3304535637149028 0.055
0 0.2818574514038877 0.3016666666666667 0.347732181425486 0.05333333333333334
0 0.4319654427645789 0.32083333333333336 0.09503239740820735 0.028333333333333335
0 0.695464362850972 0.2991666666666667 0.35853131749460043 0.045000000000000005
0 0.21382289416846653 0.5566666666666668 0.20734341252699784 0.11
0 0.4006479481641469 0.5441666666666667 0.17062634989200864 0.085
0 0.634989200863931 0.5283333333333333 0.2678185745140389 0.05666666666666667
0 0.8153347732181426 0.5650000000000001 0.13174946004319654 0.060000000000000005
0 0.5669546436285098 0.5791666666666667 0.11879049676025918 0.055
0 0.18898488120950324 0.76 0.10151187904967603 0.07
