0 0.3045356371490281 0.08 0.3930885529157668 0.06666666666666667
0 0.6965442764578834 0.07416666666666667 0.3779697624190065 0.055
0 0.24190064794816415 0.3016666666666667 0.2591792656587473 0.05333333333333334
0 0.4103671706263499 0.29500000000000004 0.07775377969762419 0.04
0 0.6403887688984882 0.3016666666666667 0.3347732181425486 0.06666666666666667
0 0.8498920086393089 0.10166666666666667 0.058315334773218146 0.05333333333333334
0 0.8520518358531318 0.30000000000000004 0.07127429805615551 0.05333333333333334
0 0.14038876889848814 0.5266666666666667 0.05615550755939525 0.05333333333333334
0 0.39092872570194387 0.5308333333333334 0.13822894168466524 0.065
0 0.6403887688984882 0.5325000000000001 0.28725701943844495 0.058333333333333334
0 0.3747300215982722 0.8241666666666667 0.0755939524838013 0.035
0 0.5269978401727862 0.7791666666666667 0.17278617710583155 0.10166666666666667
0 0.7429805615550756 0.7941666666666667 0.24190064794816415 0.12833333333333335
