0 0.6695464362850972 0.07333333333333333 0.3930885529157668 0.05666666666666667
0 0.26241900647948163 0.31 0.2354211663066955 0.07
0 0.4319654427645789 0.3116666666666667 0.13390928725701945 0.07333333333333333
0 0.6004319654427647 0.3041666666666667 0.16846652267818576 0.06166666666666667
0 0.7764578833693305 0.3075 0.21814254859611232 0.065
0 0.8077753779697625 0.3466666666666667 0.12958963282937366 0.05333333333333334
0 0.3714902807775378 0.515 0.15982721382289417 0.05333333333333334
0 0.695464362850972 0.5283333333333333 0.3930885529157668 0.06666666666666667
0 0.2429805615550756 0.7616666666666667 0.26133909287257023 0.07666666666666667
0 0.44816414686825057 0.7583333333333334 0.1922246220302376 0.06666666666666667
0 0.5961123110151189 0.7616666666666667 0.08639308855291578 0.08
0 0.7019438444924406 0.7533333333333334 0.12958963282937366 0.05666666666666667
0 0.8228941684665227 0.7633333333333334 0.1468682505399568 0.08333333333333334
0 0.8434125269978402 0.7933333333333333 0.06263498920086394 0.05
