0 0.18682505399568036 0.08 0.15766738660907129 0.06333333333333334
0 0.38120950323974084 0.08750000000000001 0.1965442764578834 0.08833333333333333
0 0.5637149028077754 0.08416666666666667 0.12526997840172788 0.07500000000000001
0 0.8185745140388769 0.07083333333333333 0.08639308855291578 0.055
0 0.20086393088552917 0.3141666666666667 0.19870410367170627 0.07833333333333334
0 0.3736501079913607 0.32083333333333336 0.23758099352051837 0.09166666666666667
0 0.603671706263499 0.30833333333333335 0.17494600431965443 0.07
0 0.8012958963282938 0.305 0.17710583153347734 0.060000000000000005
0 0.21490280777537799 0.535 0.2224622030237581 0.06666666666666667
0 0.2699784017278618 0.5800000000000001 0.1468682505399568 0.05666666666666667
0 0.44600431965442766 0.5458333333333334 0.17494600431965443 0.085
0 0.6630669546436285 0.5325000000000001 0.16846652267818576 0.06166666666666667
0 0.7710583153347733 0.525 0.17710583153347734 0.043333333333333335
0 0.23434125269978404 0.7675000000000001 0.2570194384449244 0.07833333333333334
0 0.398488120950324 0.8841666666666668 0.16630669546436286 0.09833333333333334
0 0.42224622030237585 0.8933333333333334 0.2786177105831534 0.11
0 0.5961123110151189 0.7825000000000001 0.11663066954643629 0.10166666666666667
0 0.8520518358531318 0.7808333333333334 0.07127429805615551 0.10833333333333334
