0 0.22030237580993522 0.08166666666666667 0.21166306695464365 0.07333333333333333
0 0.39740820734341253 0.09166666666666667 0.17710583153347734 0.09333333333333334
0 0.6025917926565875 0.08583333333333334 0.21166306695464365 0.07833333333333334
0 0.7980561555075595 0.09000000000000001 0.18790496760259182 0.08
0 0.2494600431965443 0.31333333333333335 0.2699784017278618 0.08666666666666667
0 0.41792656587473004 0.3275 0.24406047516198706 0.11166666666666668
0 0.644708423326134 0.325 0.183585313174946 0.10666666666666667
0 0.8153347732181426 0.3191666666666667 0.1533477321814255 0.08833333333333333
0 0.2516198704103672 0.5491666666666667 0.2786177105831534 0.09833333333333334
0 0.32613390928725705 0.5708333333333334 0.1123110151187905 0.04833333333333334
0 0.5658747300215983 0.5608333333333334 0.31533477321814257 0.115
0 0.5896328293736501 0.5558333333333334 0.16846652267818576 0.055
0 0.6425485961123111 0.5791666666666667 0.05399568034557236 0.028333333333333335
0 0.16846652267818576 0.7533333333333334 0.11663066954643629 0.04666666666666667
0 0.35205183585313177 0.7583333333333334 0.25053995680345575 0.06666666666666667
0 0.1965442764578834 0.8691666666666668 0.17278617710583155 0.06166666666666667
0 0.4416846652267819 0.9208333333333334 0.08423326133909288 0.055
0 0.6198704103671706 0.7583333333333334 0.23326133909287258 0.06666666666666667
0 0.8099352051835854 0.7733333333333334 0.1468682505399568 0.09666666666666668
0 0.816414686825054 0.8208333333333334 0.05615550755939525 0.04166666666666667
