0 0.2786177105831534 0.06833333333333334 0.3412526997840173 0.04
0 0.7019438444924406 0.07250000000000001 0.3023758099352052 0.045000000000000005
0 0.1965442764578834 0.3141666666666667 0.17278617710583155 0.08166666666666667
0 0.39956803455723544 0.3241666666666667 0.2289416846652268 0.09833333333333334
0 0.7073434125269978 0.3116666666666667 0.3563714902807776 0.07333333333333333
0 0.2958963282937365 0.5275000000000001 0.3714902807775378 0.055
0 0.8023758099352052 0.535 0.17062634989200864 0.06666666666666667
0 0.23974082073434128 0.7916666666666667 0.2591792656587473 0.12666666666666668
0 0.4535637149028078 0.79 0.1511879049676026 0.12000000000000001
0 0.7883369330453565 0.7683333333333334 0.20302375809935205 0.08333333333333334
