0 0.15982721382289417 0.08583333333333334 0.1468682505399568 0.07833333333333334
0 0.265658747300216 0.095 0.09503239740820735 0.09333333333333334
0 0.4114470842332614 0.08750000000000001 0.18790496760259182 0.08166666666666667
0 0.7149028077753781 0.09000000000000001 0.3801295896328294 0.09333333333333334
0 0.3509719222462203 0.32916666666666666 0.28293736501079914 0.11166666666666668
0 0.7095032397408207 0.31833333333333336 0.3822894168466523 0.08666666666666667
0 0.2937365010799136 0.5741666666666667 0.4233261339092873 0.14500000000000002
0 0.4524838012958964 0.6183333333333334 0.09719222462203024 0.05666666666666667
0 0.6479481641468683 0.5425 0.20734341252699784 0.07833333333333334
0 0.8185745140388769 0.5425 0.16846652267818576 0.07500000000000001
0 0.3207343412526998 0.7958333333333334 0.2699784017278618 0.125
0 0.6382289416846653 0.765 0.265658747300216 0.07333333333333333
0 0.8585313174946004 0.7716666666666667 0.09287257019438445 0.08666666666666667
