0 0.30345572354211664 0.08 0.39092872570194387 0.06333333333333334
0 0.6976241900647948 0.08166666666666667 0.3714902807775378 0.07666666666666667
0 0.6479481641468683 0.30833333333333335 0.31533477321814257 0.06666666666666667
0 0.8293736501079914 0.31333333333333335 0.10799136069114472 0.08333333333333334
0 0.2699784017278618 0.5366666666666667 0.33693304535637153 0.06333333333333334
0 0.5280777537796977 0.5375000000000001 0.14902807775377971 0.07166666666666667
0 0.7451403887688985 0.5441666666666667 0.28509719222462204 0.085
0 0.2786177105831534 0.755 0.33693304535637153 0.05333333333333334
0 0.6123110151187905 0.7625000000000001 0.26133909287257023 0.058333333333333334
0 0.8088552915766739 0.7608333333333334 0.12742980561555076 0.055
