0 0.2224622030237581 0.07250000000000001 0.2289416846652268 0.05166666666666667
0 0.2580993520518359 0.30000000000000004 0.2915766738660907 0.05666666666666667
0 0.5226781857451405 0.405 0.14254859611231102 0.05333333333333334
0 0.2840172786177106 0.5383333333333333 0.347732181425486 0.07666666666666667
0 0.14794816414686826 0.5875 0.06695464362850972 0.035
0 0.695464362850972 0.55 0.38876889848812096 0.1
0 0.21922246220302377 0.7616666666666667 0.21814254859611232 0.060000000000000005
0 0.4319654427645789 0.7633333333333334 0.1511879049676026 0.06333333333333334
0 0.705183585313175 0.7591666666666668 0.3390928725701944 0.06833333333333334
0 0.787257019438445 0.7916666666666667 0.16198704103671707 0.05333333333333334
