0 0.23434125269978404 0.07166666666666667 0.24406047516198706 0.05333333333333334
0 0.41576673866090713 0.07333333333333333 0.14470842332613393 0.05666666666666667
0 0.6209503239740821 0.07500000000000001 0.2570194384449244 0.05333333333333334
0 0.24514038876889852 0.30833333333333335 0.2699784017278618 0.07
0 0.6058315334773219 0.31 0.2699784017278618 0.07
0 0.5583153347732182 0.3383333333333334 0.17494600431965443 0.08333333333333334
0 0.23650107991360692 0.5308333333333334 0.23974082073434128 0.055
0 0.4233261339092873 0.5333333333333333 0.1468682505399568 0.06333333333333334
0 0.562634989200864 0.5858333333333333 0.10583153347732183 0.06166666666666667
0 0.21814254859611232 0.7541666666666668 0.20734341252699784 0.04833333333333334
0 0.6069114470842333 0.755 0.18142548596112312 0.05
