0 0.19978401727861772 0.08583333333333334 0.18790496760259182 0.08166666666666667
0 0.44276457883369336 0.08083333333333334 0.31533477321814257 0.06833333333333334
0 0.2634989200863931 0.31583333333333335 0.3542116630669547 0.085
0 0.5345572354211663 0.3225 0.09719222462203024 0.08833333333333333
0 0.5637149028077754 0.35750000000000004 0.09935205183585313 0.08166666666666667
0 0.7408207343412527 0.32333333333333336 0.27213822894168466 0.1
0 0.29481641468682507 0.545 0.38660907127429806 0.08
0 0.6997840172786177 0.5316666666666667 0.32397408207343414 0.06666666666666667
0 0.7127429805615552 0.6258333333333334 0.06911447084233262 0.028333333333333335
0 0.23758099352051837 0.7783333333333334 0.2937365010799136 0.09333333333333334
0 0.42764578833693306 0.7683333333333334 0.11663066954643629 0.07333333333333333
0 0.6457883369330454 0.7875000000000001 0.3023758099352052 0.10833333333333334
0 0.8466522678185746 0.7741666666666667 0.12095032397408208 0.085
