0 0.2041036717062635 0.09416666666666668 0.1922246220302376 0.08833333333333333
0 0.37041036717062636 0.13166666666666668 0.13606911447084233 0.08
0 0.6803455723542117 0.09000000000000001 0.3326133909287257 0.09000000000000001
0 0.24514038876889852 0.3075 0.31317494600431967 0.065
0 0.7667386609071275 0.31583333333333335 0.28509719222462204 0.07833333333333334
0 0.32829373650107996 0.5458333333333334 0.2937365010799136 0.08166666666666667
0 0.6241900647948164 0.5366666666666667 0.27213822894168466 0.07333333333333333
0 0.8250539956803457 0.5475 0.08207343412526999 0.065
0 0.39956803455723544 0.6825 0.15982721382289417 0.07500000000000001
0 0.15874730021598274 0.755 0.14038876889848814 0.04666666666666667
0 0.30021598272138234 0.76 0.15550755939524838 0.05666666666666667
0 0.4816414686825054 0.7575000000000001 0.1900647948164147 0.05166666666666667
0 0.6522678185745141 0.7716666666666667 0.1857451403887689 0.08
0 0.8207343412526998 0.7866666666666667 0.16414686825053998 0.10666666666666667
