0 0.20518358531317496 0.07666666666666667 0.20734341252699784 0.06333333333333334
0 0.4244060475161987 0.06833333333333334 0.14038876889848814 0.043333333333333335
0 0.6101511879049676 0.07416666666666667 0.12311015118790497 0.055
0 0.879049676025918 0.085 0.10367170626349892 0.07333333333333333
0 0.5496760259179266 0.30583333333333335 0.12742980561555076 0.065
0 0.8023758099352052 0.32333333333333336 0.20518358531317496 0.09000000000000001
0 0.21706263498920086 0.5358333333333334 0.12311015118790497 0.065
0 0.3876889848812095 0.5425 0.20950323974082075 0.08166666666666667
0 0.6501079913606912 0.545 0.21598272138228944 0.08
0 0.8444924406047517 0.5616666666666666 0.12095032397408208 0.10666666666666667
0 0.20194384449244063 0.7758333333333334 0.2224622030237581 0.09166666666666667
0 0.35205183585313177 0.7775000000000001 0.1123110151187905 0.095
0 0.4686825053995681 0.785 0.1468682505399568 0.1
0 0.6695464362850972 0.7708333333333334 0.16846652267818576 0.07500000000000001
0 0.6252699784017279 0.8425 0.12742980561555076 0.065
