0 0.21166306695464365 0.08583333333333334 0.20302375809935205 0.07833333333333334
0 0.4265658747300216 0.085 0.2311015118790497 0.08333333333333334
0 0.7116630669546437 0.0775 0.3088552915766739 0.06166666666666667
0 0.6025917926565875 0.10250000000000001 0.08639308855291578 0.055
0 0.36069114470842334 0.3325 0.34989200863930886 0.09833333333333334
0 0.603671706263499 0.3216666666666667 0.1144708423326134 0.08
0 0.7742980561555076 0.33166666666666667 0.2354211663066955 0.10666666666666667
0 0.19762419006479484 0.5375000000000001 0.17062634989200864 0.06166666666666667
0 0.3747300215982722 0.5583333333333333 0.24406047516198706 0.09666666666666668
0 0.6987041036717063 0.5583333333333333 0.3779697624190065 0.10666666666666667
0 0.593952483801296 0.7783333333333334 0.20302375809935205 0.09000000000000001
0 0.7883369330453565 0.7941666666666667 0.20734341252699784 0.13166666666666668
0 0.838012958963283 0.8316666666666667 0.10367170626349892 0.06666666666666667
