0 0.5993520518358532 0.08583333333333334 0.21382289416846653 0.07833333333333334
0 0.785097192224622 0.08083333333333334 0.15766738660907129 0.065
0 0.29265658747300216 0.3116666666666667 0.3693304535637149 0.06666666666666667
0 0.6976241900647948 0.34 0.3714902807775378 0.13333333333333333
0 0.296976241900648 0.55 0.3736501079913607 0.09000000000000001
0 0.5885529157667387 0.5650000000000001 0.17494600431965443 0.12666666666666668
0 0.7667386609071275 0.5633333333333334 0.17710583153347734 0.12000000000000001
0 0.2818574514038877 0.7758333333333334 0.32613390928725705 0.06833333333333334
0 0.4136069114470843 0.7991666666666667 0.09287257019438445 0.05166666666666667
0 0.6652267818574514 0.7683333333333334 0.2289416846652268 0.08
0 0.8336933045356372 0.7791666666666667 0.1123110151187905 0.095
