0 0.44600431965442766 0.085 0.12742980561555076 0.07333333333333333
0 0.632829373650108 0.11166666666666668 0.1900647948164147 0.12666666666666668
0 0.8077753779697625 0.08666666666666667 0.15982721382289417 0.07666666666666667
0 0.4265658747300216 0.3016666666666667 0.08855291576673867 0.07
0 0.3023758099352052 0.56 0.29805615550755943 0.11
0 0.42764578833693306 0.5408333333333334 0.24190064794816415 0.08166666666666667
0 0.7192224622030238 0.5266666666666667 0.32829373650107996 0.05666666666666667
0 0.20086393088552917 0.7675000000000001 0.18142548596112312 0.08833333333333333
0 0.36285097192224625 0.7641666666666667 0.12095032397408208 0.07500000000000001
0 0.6004319654427647 0.7858333333333334 0.14254859611231102 0.11166666666666668
0 0.7786177105831534 0.7575000000000001 0.2311015118790497 0.04833333333333334
