0 0.2084233261339093 0.09083333333333334 0.24406047516198706 0.095
0 0.4006479481641469 0.09833333333333334 0.183585313174946 0.10666666666666667
0 0.5885529157667387 0.08166666666666667 0.16198704103671707 0.07333333333333333
0 0.7840172786177106 0.08166666666666667 0.24190064794816415 0.07333333333333333
0 0.3228941684665227 0.315 0.12742980561555076 0.09000000000000001
0 0.43628509719222464 0.3125 0.12526997840172788 0.07500000000000001
0 0.6317494600431965 0.32833333333333337 0.2311015118790497 0.1
0 0.8174946004319655 0.3141666666666667 0.16630669546436286 0.07500000000000001
0 0.23650107991360692 0.55 0.3088552915766739 0.09666666666666668
0 0.43628509719222464 0.5858333333333333 0.17278617710583155 0.07166666666666667
0 0.173866090712743 0.8016666666666667 0.16630669546436286 0.1
0 0.34017278617710583 0.9091666666666667 0.12311015118790497 0.06166666666666667
