0 0.4503239740820735 0.09166666666666667 0.16630669546436286 0.1
0 0.7321814254859612 0.08333333333333334 0.3412526997840173 0.08333333333333334
0 0.21382289416846653 0.32083333333333336 0.24190064794816415 0.095
0 0.4146868250539957 0.3041666666666667 0.19438444924406048 0.058333333333333334
0 0.6738660907127431 0.32833333333333337 0.29805615550755943 0.11333333333333334
0 0.29481641468682507 0.5591666666666667 0.3736501079913607 0.10500000000000001
0 0.6781857451403888 0.5458333333333334 0.3455723542116631 0.08833333333333333
0 0.8552915766738661 0.5633333333333334 0.08639308855291578 0.04666666666666667
0 0.2699784017278618 0.7766666666666667 0.3542116630669547 0.09000000000000001
0 0.4535637149028078 0.79 0.09935205183585313 0.05333333333333334
0 0.7192224622030238 0.7741666666666667 0.3714902807775378 0.08833333333333333
