0 0.2818574514038877 0.07666666666666667 0.347732181425486 0.07
0 0.6112311015118791 0.085 0.17710583153347734 0.08333333333333334
0 0.7840172786177106 0.08750000000000001 0.21166306695464365 0.08166666666666667
0 0.16846652267818576 0.31083333333333335 0.12526997840172788 0.08166666666666667
0 0.3509719222462203 0.30083333333333334 0.11879049676025918 0.055
0 0.7397408207343413 0.31333333333333335 0.2915766738660907 0.08333333333333334
0 0.8455723542116631 0.3416666666666667 0.08855291576673867 0.04
0 0.2062634989200864 0.5525 0.1965442764578834 0.10166666666666667
0 0.5550755939524838 0.5258333333333334 0.16846652267818576 0.058333333333333334
0 0.7840172786177106 0.5358333333333334 0.21598272138228944 0.07500000000000001
0 0.15874730021598274 0.7791666666666667 0.10151187904967603 0.11166666666666668
0 0.36069114470842334 0.7691666666666667 0.3455723542116631 0.085
0 0.6112311015118791 0.7616666666666667 0.11663066954643629 0.06666666666666667
0 0.7742980561555076 0.7733333333333334 0.20950323974082075 0.09000000000000001
