0 0.3488120950323974 0.08333333333333334 0.31317494600431967 0.07666666666666667
0 0.3207343412526998 0.11833333333333335 0.12311015118790497 0.043333333333333335
0 0.6468682505399569 0.06416666666666668 0.18790496760259182 0.03166666666666667
0 0.8153347732181426 0.07 0.1533477321814255 0.05333333333333334
0 0.5777537796976242 0.29083333333333333 0.13174946004319654 0.025
0 0.5982721382289418 0.5416666666666667 0.20734341252699784 0.07666666666666667
0 0.7980561555075595 0.5466666666666667 0.17494600431965443 0.08666666666666667
0 0.2516198704103672 0.7058333333333334 0.27429805615550756 0.06166666666666667
0 0.18466522678185746 0.745 0.1533477321814255 0.05333333333333334
0 0.519438444924406 0.7808333333333334 0.2224622030237581 0.095
0 0.7041036717062635 0.7566666666666667 0.0734341252699784 0.043333333333333335
