0 0.18034557235421167 0.07 0.14038876889848814 0.043333333333333335
0 0.3434125269978402 0.07083333333333333 0.1900647948164147 0.04166666666666667
0 0.6187904967602592 0.08833333333333333 0.11879049676025918 0.07666666666666667
0 0.787257019438445 0.0825 0.20086393088552917 0.06833333333333334
0 0.30345572354211664 0.305 0.38660907127429806 0.06333333333333334
0 0.634989200863931 0.30833333333333335 0.24190064794816415 0.06666666666666667
0 0.8196544276457884 0.30833333333333335 0.11879049676025918 0.07
0 0.2883369330453564 0.5341666666666667 0.35205183585313177 0.07166666666666667
0 0.7786177105831534 0.54 0.1965442764578834 0.07333333333333333
0 0.8077753779697625 0.5541666666666667 0.16414686825053998 0.055
0 0.7116630669546437 0.5933333333333334 0.08855291576673867 0.05
0 0.3736501079913607 0.7708333333333334 0.25053995680345575 0.08833333333333333
0 0.5799136069114471 0.7525000000000001 0.17926565874730022 0.05166666666666667
0 0.7807775377969763 0.7483333333333334 0.21814254859611232 0.04666666666666667
