0 0.17062634989200864 0.095 0.17278617710583155 0.09666666666666668
0 0.37688984881209503 0.08583333333333334 0.2526997840172786 0.07500000000000001
0 0.6436285097192225 0.08583333333333334 0.2548596112311015 0.085
0 0.8336933045356372 0.08166666666666667 0.15982721382289417 0.07
0 0.21814254859611232 0.31083333333333335 0.25053995680345575 0.07500000000000001
0 0.40388768898488125 0.32333333333333336 0.17278617710583155 0.10333333333333335
0 0.6598272138228942 0.31583333333333335 0.2958963282937365 0.07833333333333334
0 0.28509719222462204 0.5358333333333334 0.306695464362851 0.06166666666666667
0 0.33693304535637153 0.5758333333333334 0.08207343412526999 0.045000000000000005
0 0.5496760259179266 0.5666666666666667 0.12311015118790497 0.1366666666666667
0 0.6976241900647948 0.5758333333333334 0.21166306695464365 0.14500000000000002
0 0.28941684665226786 0.775 0.3326133909287257 0.08666666666666667
0 0.7030237580993521 0.7791666666666667 0.3390928725701944 0.09833333333333334
