0 0.2958963282937365 0.08333333333333334 0.367170626349892 0.07666666666666667
0 0.37688984881209503 0.11416666666666668 0.21814254859611232 0.055
0 0.5831533477321814 0.10333333333333335 0.16414686825053998 0.10666666666666667
0 0.7796976241900648 0.08 0.224622030237581 0.06333333333333334
0 0.806695464362851 0.12083333333333333 0.14902807775377971 0.045000000000000005
0 0.19762419006479484 0.32333333333333336 0.17926565874730022 0.08
0 0.39416846652267823 0.32 0.2224622030237581 0.07666666666666667
0 0.562634989200864 0.35500000000000004 0.06263498920086394 0.09000000000000001
0 0.734341252699784 0.35750000000000004 0.306695464362851 0.095
0 0.17602591792656588 0.5425 0.13606911447084233 0.07166666666666667
0 0.34233261339092874 0.5208333333333334 0.17926565874730022 0.03166666666666667
0 0.5399568034557236 0.5525 0.12526997840172788 0.09166666666666667
0 0.7386609071274298 0.5233333333333333 0.27645788336933047 0.023333333333333334
0 0.3822894168466523 0.5691666666666667 0.15550755939524838 0.065
0 0.7397408207343413 0.5800000000000001 0.30021598272138234 0.08333333333333334
0 0.838012958963283 0.5958333333333333 0.09071274298056156 0.07166666666666667
0 0.33369330453563717 0.79 0.2699784017278618 0.11666666666666667
0 0.695464362850972 0.78 0.3930885529157668 0.09333333333333334
