0 0.14038876889848814 0.07666666666666667 0.06479481641468683 0.05333333333333334
0 0.2991360691144709 0.07500000000000001 0.2354211663066955 0.060000000000000005
0 0.4740820734341253 0.09416666666666668 0.12742980561555076 0.09166666666666667
0 0.6436285097192225 0.10250000000000001 0.17710583153347734 0.115
0 0.8239740820734341 0.08333333333333334 0.12742980561555076 0.07666666666666667
0 0.3045356371490281 0.3166666666666667 0.39740820734341253 0.08333333333333334
0 0.695464362850972 0.32583333333333336 0.35853131749460043 0.10166666666666667
0 0.8358531317494601 0.3491666666666667 0.09071274298056156 0.045000000000000005
0 0.3552915766738661 0.5416666666666667 0.2570194384449244 0.07333333333333333
0 0.7462203023758099 0.5266666666666667 0.265658747300216 0.05
0 0.2732181425485961 0.7616666666666667 0.3304535637149028 0.05333333333333334
0 0.5647948164146869 0.7658333333333334 0.21814254859611232 0.065
