0 0.16090712742980562 0.07666666666666667 0.10151187904967603 0.05666666666666667
0 0.2958963282937365 0.08083333333333334 0.16846652267818576 0.065
0 0.44276457883369336 0.07250000000000001 0.12958963282937366 0.058333333333333334
0 0.7041036717062635 0.07250000000000001 0.34989200863930886 0.055
0 0.32937365010799136 0.3141666666666667 0.347732181425486 0.07500000000000001
0 0.705183585313175 0.3075 0.347732181425486 0.065
0 0.19870410367170627 0.5283333333333333 0.17710583153347734 0.043333333333333335
0 0.7645788336933046 0.5316666666666667 0.22030237580993522 0.07333333333333333
0 0.27105831533477326 0.7691666666666667 0.32613390928725705 0.08166666666666667
0 0.521598272138229 0.7591666666666668 0.14470842332613393 0.06166666666666667
0 0.7548596112311016 0.7675000000000001 0.24838012958963285 0.08833333333333333
