0 0.17278617710583155 0.07500000000000001 0.15982721382289417 0.05666666666666667
0 0.3639308855291577 0.08750000000000001 0.2224622030237581 0.085
0 0.3434125269978402 0.11750000000000001 0.10367170626349892 0.05166666666666667
0 0.6101511879049676 0.09916666666666667 0.17494600431965443 0.10166666666666667
0 0.7203023758099353 0.09000000000000001 0.0755939524838013 0.08666666666666667
0 0.8250539956803457 0.08 0.13390928725701945 0.07
0 0.21706263498920086 0.31 0.27429805615550756 0.08333333333333334
0 0.4190064794816415 0.30833333333333335 0.16414686825053998 0.08
0 0.6155507559395249 0.3116666666666667 0.22030237580993522 0.07666666666666667
0 0.8023758099352052 0.30833333333333335 0.18790496760259182 0.08
0 0.7105831533477323 0.35250000000000004 0.07775377969762419 0.028333333333333335
0 0.35205183585313177 0.545 0.3023758099352052 0.08666666666666667
0 0.6997840172786177 0.5325000000000001 0.09935205183585313 0.06166666666666667
0 0.838012958963283 0.5408333333333334 0.13390928725701945 0.08166666666666667
0 0.18142548596112312 0.8558333333333333 0.15982721382289417 0.07500000000000001
0 0.4578833693304536 0.8525 0.08639308855291578 0.04833333333333334
0 0.5950323974082073 0.7608333333333334 0.12311015118790497 0.06833333333333334
0 0.7570194384449245 0.7616666666666667 0.20086393088552917 0.06666666666666667
