0 0.41792656587473004 0.09416666666666668 0.28725701943844495 0.09833333333333334
0 0.6900647948164147 0.09166666666666667 0.2354211663066955 0.08666666666666667
0 0.8401727861771059 0.08750000000000001 0.09503239740820735 0.07833333333333334
0 0.4211663066954644 0.32666666666666666 0.31101511879049676 0.11
0 0.23218142548596113 0.5408333333333334 0.2354211663066955 0.07166666666666667
0 0.4114470842332614 0.5325000000000001 0.1533477321814255 0.06166666666666667
0 0.6155507559395249 0.5408333333333334 0.23326133909287258 0.085
0 0.8056155507559396 0.5425 0.16414686825053998 0.085
0 0.1717062634989201 0.7691666666666667 0.12742980561555076 0.08166666666666667
0 0.43304535637149033 0.7675000000000001 0.3434125269978402 0.07833333333333334
0 0.7570194384449245 0.7675000000000001 0.28725701943844495 0.07833333333333334
