0 0.2516198704103672 0.07583333333333334 0.28293736501079914 0.04833333333333334
0 0.5950323974082073 0.07666666666666667 0.08855291576673867 0.05666666666666667
0 0.7645788336933046 0.07916666666666668 0.24622030237580994 0.07166666666666667
0 0.21382289416846653 0.3191666666666667 0.20734341252699784 0.09833333333333334
0 0.6922246220302376 0.2991666666666667 0.3693304535637149 0.05166666666666667
0 0.37257019438444927 0.5358333333333334 0.28293736501079914 0.07833333333333334
0 0.6187904967602592 0.5266666666666667 0.17062634989200864 0.05333333333333334
0 0.7904967602591794 0.5291666666666667 0.17710583153347734 0.065
0 0.18142548596112312 0.7816666666666667 0.14254859611231102 0.10666666666666667
0 0.40172786177105835 0.7775000000000001 0.31533477321814257 0.08833333333333333
0 0.7235421166306696 0.7625000000000001 0.31533477321814257 0.065
