0 0.2786177105831534 0.08166666666666667 0.3023758099352052 0.060000000000000005
0 0.6058315334773219 0.13166666666666668 0.20950323974082075 0.13333333333333333
0 0.82829373650108 0.115 0.11015118790496761 0.08666666666666667
0 0.2699784017278618 0.305 0.3542116630669547 0.05666666666666667
0 0.5453563714902808 0.31 0.1965442764578834 0.08333333333333334
0 0.7829373650107991 0.3141666666666667 0.24838012958963285 0.07833333333333334
0 0.2807775377969763 0.5366666666666667 0.3714902807775378 0.06333333333333334
0 0.21166306695464365 0.5683333333333334 0.1468682505399568 0.03333333333333333
0 0.705183585313175 0.54 0.2915766738660907 0.07
0 0.2678185745140389 0.76 0.34989200863930886 0.060000000000000005
0 0.2861771058315335 0.8066666666666668 0.1533477321814255 0.06333333333333334
0 0.5637149028077754 0.76 0.10367170626349892 0.060000000000000005
0 0.744060475161987 0.7658333333333334 0.2699784017278618 0.06833333333333334
0 0.7311015118790497 0.8166666666666668 0.11879049676025918 0.06333333333333334
