0 0.17494600431965443 0.07833333333333334 0.16414686825053998 0.07333333333333333
0 0.3736501079913607 0.08166666666666667 0.25053995680345575 0.08
0 0.7073434125269978 0.23500000000000001 0.3434125269978402 0.05333333333333334
0 0.23326133909287258 0.31333333333333335 0.2634989200863931 0.06666666666666667
0 0.44060475161987045 0.3216666666666667 0.13390928725701945 0.1
0 0.6209503239740821 0.30083333333333334 0.183585313174946 0.055
0 0.8088552915766739 0.3075 0.1922246220302376 0.06833333333333334
0 0.23002159827213825 0.55 0.26133909287257023 0.09666666666666668
0 0.42008639308855295 0.54 0.14470842332613393 0.08333333333333334
0 0.5799136069114471 0.5366666666666667 0.14902807775377971 0.07666666666666667
0 0.7408207343412527 0.5341666666666667 0.2634989200863931 0.058333333333333334
0 0.19330453563714903 0.7608333333333334 0.20086393088552917 0.058333333333333334
0 0.3412526997840173 0.76 0.2634989200863931 0.06333333333333334
0 0.5615550755939526 0.7641666666666667 0.13390928725701945 0.065
0 0.6933045356371491 0.78 0.17710583153347734 0.09000000000000001
0 0.838012958963283 0.7725000000000001 0.1468682505399568 0.07166666666666667
