0 0.29265658747300216 0.08166666666666667 0.40388768898488125 0.07333333333333333
0 0.5982721382289418 0.09666666666666668 0.17710583153347734 0.09666666666666668
0 0.7516198704103673 0.08083333333333334 0.1511879049676026 0.07166666666666667
0 0.8617710583153348 0.08416666666666667 0.09935205183585313 0.07833333333333334
0 0.15874730021598274 0.34500000000000003 0.1144708423326134 0.12333333333333334
0 0.2591792656587473 0.3441666666666667 0.09071274298056156 0.125
0 0.7203023758099353 0.32083333333333336 0.3822894168466523 0.09166666666666667
0 0.22786177105831534 0.5691666666666667 0.28293736501079914 0.14500000000000002
0 0.42008639308855295 0.5508333333333334 0.14902807775377971 0.095
0 0.7786177105831534 0.6916666666666668 0.24406047516198706 0.060000000000000005
0 0.1965442764578834 0.7716666666666667 0.20734341252699784 0.08666666666666667
0 0.398488120950324 0.7675000000000001 0.21814254859611232 0.07833333333333334
0 0.6317494600431965 0.7725000000000001 0.21814254859611232 0.08833333333333333
0 0.8174946004319655 0.7683333333333334 0.17494600431965443 0.08
