0 0.265658747300216 0.12000000000000001 0.31101511879049676 0.15000000000000002
0 0.5388768898488121 0.11083333333333334 0.1144708423326134 0.12833333333333335
0 0.734341252699784 0.09916666666666667 0.29805615550755943 0.10166666666666667
0 0.2991360691144709 0.30250000000000005 0.3693304535637149 0.05166666666666667
0 0.5928725701943844 0.30250000000000005 0.18790496760259182 0.055
0 0.7375809935205184 0.3216666666666667 0.12311015118790497 0.09333333333333334
0 0.8401727861771059 0.2916666666666667 0.09503239740820735 0.04666666666666667
0 0.1673866090712743 0.5483333333333333 0.11015118790496761 0.09666666666666668
0 0.35205183585313177 0.5416666666666667 0.27645788336933047 0.08
0 0.6619870410367171 0.5341666666666667 0.2570194384449244 0.065
0 0.8250539956803457 0.5341666666666667 0.12958963282937366 0.07166666666666667
0 0.18034557235421167 0.7725000000000001 0.14038876889848814 0.09166666666666667
0 0.34233261339092874 0.755 0.14902807775377971 0.05333333333333334
0 0.6987041036717063 0.7583333333333334 0.3779697624190065 0.060000000000000005
