0 0.2494600431965443 0.08166666666666667 0.28293736501079914 0.060000000000000005
0 0.44060475161987045 0.08750000000000001 0.13390928725701945 0.08166666666666667
0 0.6501079913606912 0.07333333333333333 0.24190064794816415 0.05
0 0.23758099352051837 0.3041666666666667 0.24622030237580994 0.055
0 0.42980561555075597 0.30333333333333334 0.10367170626349892 0.05666666666666667
0 0.6738660907127431 0.3091666666666667 0.3542116630669547 0.065
0 0.19546436285097193 0.53 0.17494600431965443 0.05333333333333334
0 0.39416846652267823 0.5291666666666667 0.2311015118790497 0.065
0 0.6727861771058316 0.5225000000000001 0.2786177105831534 0.04166666666666667
0 0.6652267818574514 0.7533333333333334 0.3412526997840173 0.05
