0 0.2818574514038877 0.09833333333333334 0.38660907127429806 0.11333333333333334
0 0.6252699784017279 0.08916666666666667 0.28293736501079914 0.095
0 0.8326133909287258 0.09250000000000001 0.14470842332613393 0.09833333333333334
0 0.20302375809935205 0.32833333333333337 0.23758099352051837 0.10666666666666667
0 0.40172786177105835 0.3066666666666667 0.16846652267818576 0.05333333333333334
0 0.6306695464362851 0.3241666666666667 0.24190064794816415 0.08833333333333333
0 0.8174946004319655 0.32583333333333336 0.17062634989200864 0.10500000000000001
0 0.2807775377969763 0.5575 0.3930885529157668 0.11166666666666668
0 0.6371490280777539 0.5575 0.31101511879049676 0.10833333333333334
0 0.8434125269978402 0.5433333333333333 0.13606911447084233 0.07666666666666667
0 0.21922246220302377 0.7683333333333334 0.2570194384449244 0.07333333333333333
0 0.5 0.8075000000000001 0.26133909287257023 0.08166666666666667
0 0.6987041036717063 0.7808333333333334 0.08855291576673867 0.07833333333333334
0 0.8185745140388769 0.7775000000000001 0.17710583153347734 0.09166666666666667
