0 0.35205183585313177 0.08333333333333334 0.25053995680345575 0.07666666666666667
0 0.44276457883369336 0.21500000000000002 0.06911447084233262 0.07666666666666667
0 0.6209503239740821 0.09083333333333334 0.16198704103671707 0.085
0 0.7991360691144709 0.07666666666666667 0.20302375809935205 0.05666666666666667
0 0.17602591792656588 0.3241666666666667 0.07127429805615551 0.065
0 0.44060475161987045 0.45833333333333337 0.32829373650107996 0.05666666666666667
0 0.17926565874730022 0.5575 0.18142548596112312 0.10833333333333334
0 0.42224622030237585 0.5683333333333334 0.12742980561555076 0.08333333333333334
0 0.591792656587473 0.5425 0.16846652267818576 0.07833333333333334
0 0.7829373650107991 0.5458333333333334 0.2354211663066955 0.08166666666666667
0 0.14902807775377971 0.7658333333333334 0.12095032397408208 0.06833333333333334
0 0.40928725701943847 0.7675000000000001 0.1922246220302376 0.07500000000000001
0 0.7462203023758099 0.7641666666666667 0.17062634989200864 0.06833333333333334
