0 0.2591792656587473 0.14333333333333334 0.21166306695464365 0.12333333333333334
0 0.28941684665226786 0.29083333333333333 0.28941684665226786 0.15166666666666667
0 0.2516198704103672 0.5516666666666667 0.32181425485961124 0.09333333333333334
0 0.4578833693304536 0.5383333333333333 0.10799136069114472 0.07
0 0.6393088552915767 0.5475 0.2289416846652268 0.08833333333333333
0 0.8207343412526998 0.5408333333333334 0.1900647948164147 0.07833333333333334
0 0.296976241900648 0.7825000000000001 0.17494600431965443 0.10833333333333334
0 0.42980561555075597 0.7791666666666667 0.12958963282937366 0.095
0 0.6598272138228942 0.78 0.24406047516198706 0.09666666666666668
0 0.8650107991360692 0.7608333333333334 0.06695464362850972 0.058333333333333334
