0 0.7375809935205184 0.09000000000000001 0.3347732181425486 0.09000000000000001
0 0.2807775377969763 0.3191666666666667 0.3844492440604752 0.08833333333333333
0 0.7775377969762419 0.3016666666666667 0.11663066954643629 0.060000000000000005
0 0.6209503239740821 0.5508333333333334 0.17926565874730022 0.08833333333333333
0 0.7980561555075595 0.545 0.21382289416846653 0.07666666666666667
0 0.18466522678185746 0.765 0.183585313174946 0.08333333333333334
0 0.37580993520518363 0.785 0.23758099352051837 0.1
0 0.6360691144708424 0.7758333333333334 0.24838012958963285 0.09166666666666667
0 0.5734341252699784 0.8391666666666667 0.07991360691144708 0.07500000000000001
0 0.8239740820734341 0.7725000000000001 0.16630669546436286 0.085
