0 0.12203023758099353 0.07666666666666667 0.06695464362850972 0.07
0 0.22138228941684668 0.09000000000000001 0.13174946004319654 0.08666666666666667
0 0.18790496760259182 0.23583333333333334 0.1468682505399568 0.04166666666666667
0 0.5874730021598272 0.07833333333333334 0.20302375809935205 0.07
0 0.7829373650107991 0.08166666666666667 0.17494600431965443 0.07
0 0.21706263498920086 0.30333333333333334 0.2526997840172786 0.060000000000000005
0 0.4125269978401728 0.29833333333333334 0.14254859611231102 0.04666666666666667
0 0.6414686825053996 0.3216666666666667 0.27645788336933047 0.1
0 0.27645788336933047 0.54 0.32397408207343414 0.07333333333333333
0 0.6652267818574514 0.545 0.15550755939524838 0.08666666666666667
0 0.8174946004319655 0.5458333333333334 0.16630669546436286 0.07833333333333334
0 0.2084233261339093 0.7766666666666667 0.2311015118790497 0.09000000000000001
0 0.4352051835853132 0.7691666666666667 0.183585313174946 0.08166666666666667
0 0.8023758099352052 0.785 0.1922246220302376 0.11333333333333334
