0 0.19762419006479484 0.09000000000000001 0.21382289416846653 0.09666666666666668
0 0.44060475161987045 0.09416666666666668 0.12958963282937366 0.095
0 0.734341252699784 0.08083333333333334 0.16414686825053998 0.08833333333333333
0 0.8628509719222462 0.10916666666666668 0.08855291576673867 0.11166666666666668
0 0.22354211663066956 0.32 0.2570194384449244 0.09666666666666668
0 0.6533477321814255 0.3075 0.23974082073434128 0.065
0 0.28941684665226786 0.545 0.3930885529157668 0.08333333333333334
0 0.6112311015118791 0.5591666666666667 0.20734341252699784 0.115
0 0.8617710583153348 0.5875 0.08207343412526999 0.065
0 0.8185745140388769 0.77 0.17278617710583155 0.08
