0 0.2861771058315335 0.09416666666666668 0.3390928725701944 0.10500000000000001
0 0.7095032397408207 0.08333333333333334 0.3563714902807776 0.08333333333333334
0 0.2775377969762419 0.315 0.3779697624190065 0.08666666666666667
0 0.7267818574514039 0.33166666666666667 0.347732181425486 0.11333333333333334
0 0.30777537796976245 0.5458333333333334 0.35205183585313177 0.08833333333333333
0 0.7149028077753781 0.545 0.3801295896328294 0.08666666666666667
0 0.2699784017278618 0.7825000000000001 0.3542116630669547 0.10833333333333334
0 0.5950323974082073 0.7741666666666667 0.3347732181425486 0.08166666666666667
0 0.8326133909287258 0.7591666666666668 0.1533477321814255 0.06166666666666667
0 0.8131749460043197 0.8675 0.08423326133909288 0.10833333333333334
