0 0.5788336933045357 0.07500000000000001 0.21598272138228944 0.04666666666666667
0 0.7861771058315336 0.07583333333333334 0.20734341252699784 0.05166666666666667
0 0.19978401727861772 0.3166666666666667 0.16630669546436286 0.08333333333333334
0 0.37041036717062636 0.30250000000000005 0.20518358531317496 0.055
0 0.6004319654427647 0.31583333333333335 0.16414686825053998 0.085
0 0.7602591792656588 0.3016666666666667 0.14254859611231102 0.05333333333333334
0 0.23758099352051837 0.5316666666666667 0.23758099352051837 0.060000000000000005
0 0.42008639308855295 0.5358333333333334 0.14038876889848814 0.07833333333333334
0 0.5971922246220303 0.535 0.1965442764578834 0.06666666666666667
0 0.7861771058315336 0.5425 0.20302375809935205 0.09166666666666667
0 0.265658747300216 0.7716666666666667 0.29805615550755943 0.09666666666666668
0 0.5172786177105831 0.7766666666666667 0.2786177105831534 0.09666666666666668
