0 0.3088552915766739 0.07583333333333334 0.37580993520518363 0.06166666666666667
0 0.4503239740820735 0.1625 0.08423326133909288 0.04833333333333334
0 0.7570194384449245 0.0825 0.26133909287257023 0.06833333333333334
0 0.7159827213822895 0.125 0.09287257019438445 0.05666666666666667
0 0.3023758099352052 0.30083333333333334 0.35853131749460043 0.05166666666666667
0 0.4287257019438445 0.3325 0.08855291576673867 0.03833333333333334
0 0.6663066954643629 0.31333333333333335 0.3174946004319655 0.07666666666666667
0 0.6209503239740821 0.4716666666666667 0.24406047516198706 0.04666666666666667
0 0.183585313174946 0.5483333333333333 0.13822894168466524 0.08
0 0.37580993520518363 0.5375000000000001 0.23758099352051837 0.06166666666666667
0 0.6706263498920086 0.5458333333333334 0.24406047516198706 0.085
0 0.8196544276457884 0.5558333333333334 0.12311015118790497 0.10500000000000001
0 0.28725701943844495 0.7641666666666667 0.28509719222462204 0.065
0 0.4449244060475162 0.7808333333333334 0.06479481641468683 0.065
0 0.7408207343412527 0.7716666666666667 0.27645788336933047 0.07666666666666667
