0 0.18790496760259182 0.07250000000000001 0.18142548596112312 0.055
0 0.32613390928725705 0.08750000000000001 0.13822894168466524 0.085
0 0.4503239740820735 0.08583333333333334 0.10151187904967603 0.08166666666666667
0 0.5475161987041037 0.06166666666666667 0.06263498920086394 0.043333333333333335
0 0.7041036717062635 0.06833333333333334 0.2289416846652268 0.05
0 0.32613390928725705 0.31583333333333335 0.23326133909287258 0.07833333333333334
0 0.5831533477321814 0.3091666666666667 0.15982721382289417 0.07500000000000001
0 0.5291576673866091 0.33 0.05183585313174946 0.043333333333333335
0 0.6414686825053996 0.32916666666666666 0.06047516198704104 0.05166666666666667
0 0.7937365010799137 0.31333333333333335 0.2267818574514039 0.08333333333333334
0 0.2570194384449244 0.5358333333333334 0.27213822894168466 0.06833333333333334
0 0.33153347732181426 0.7775000000000001 0.2224622030237581 0.095
0 0.5788336933045357 0.7825000000000001 0.23326133909287258 0.10500000000000001
0 0.8110151187904968 0.7858333333333334 0.183585313174946 0.095
