0 0.224622030237581 0.09166666666666667 0.2289416846652268 0.09333333333333334
0 0.4136069114470843 0.09166666666666667 0.17494600431965443 0.09000000000000001
0 0.6382289416846653 0.08 0.26133909287257023 0.07
0 0.8228941684665227 0.08 0.13390928725701945 0.08
0 0.21382289416846653 0.335 0.15550755939524838 0.13333333333333333
0 0.3434125269978402 0.325 0.12958963282937366 0.11333333333333334
0 0.45896328293736505 0.3141666666666667 0.13606911447084233 0.09166666666666667
0 0.6717062634989202 0.3041666666666667 0.27645788336933047 0.06833333333333334
0 0.8412526997840173 0.31833333333333336 0.06263498920086394 0.03666666666666667
0 0.19978401727861772 0.5375000000000001 0.183585313174946 0.07500000000000001
0 0.33693304535637153 0.5358333333333334 0.09935205183585313 0.07500000000000001
0 0.43628509719222464 0.5383333333333333 0.10799136069114472 0.08666666666666667
0 0.5863930885529158 0.5266666666666667 0.14038876889848814 0.05333333333333334
0 0.7073434125269978 0.5233333333333333 0.10583153347732183 0.04666666666666667
0 0.8250539956803457 0.5258333333333334 0.12958963282937366 0.04833333333333334
0 0.224622030237581 0.7491666666666668 0.24190064794816415 0.05166666666666667
0 0.6393088552915767 0.9075000000000001 0.24622030237580994 0.06166666666666667
