0 0.16630669546436286 0.08833333333333333 0.1511879049676026 0.08666666666666667
0 0.3617710583153348 0.07583333333333334 0.1144708423326134 0.065
0 0.775377969762419 0.08666666666666667 0.2591792656587473 0.08
0 0.24622030237580994 0.3075 0.27645788336933047 0.06833333333333334
0 0.44276457883369336 0.32 0.12958963282937366 0.09000000000000001
0 0.6382289416846653 0.30583333333333335 0.15766738660907129 0.06166666666666667
0 0.7699784017278618 0.45583333333333337 0.2526997840172786 0.06833333333333334
0 0.15874730021598274 0.5583333333333333 0.1144708423326134 0.11
0 0.5377969762419007 0.54 0.28509719222462204 0.07666666666666667
0 0.18466522678185746 0.7575000000000001 0.17062634989200864 0.058333333333333334
0 0.3898488120950324 0.775 0.1965442764578834 0.08333333333333334
0 0.5777537796976242 0.8116666666666668 0.13606911447084233 0.04666666666666667
0 0.8131749460043197 0.91 0.18790496760259182 0.06666666666666667
