0 0.23974082073434128 0.09666666666666668 0.24190064794816415 0.10333333333333335
0 0.43304535637149033 0.10500000000000001 0.1144708423326134 0.11
0 0.6069114470842333 0.09000000000000001 0.19870410367170627 0.08666666666666667
0 0.8099352051835854 0.11666666666666667 0.19438444924406048 0.13333333333333333
0 0.19870410367170627 0.33 0.20302375809935205 0.10666666666666667
0 0.2224622030237581 0.3741666666666667 0.13822894168466524 0.08166666666666667
0 0.1717062634989201 0.5491666666666667 0.1533477321814255 0.09166666666666667
0 0.2904967602591793 0.5408333333333334 0.10151187904967603 0.06833333333333334
0 0.2818574514038877 0.7658333333333334 0.31317494600431967 0.07500000000000001
0 0.4049676025917927 0.8558333333333333 0.14470842332613393 0.06166666666666667
0 0.5550755939524838 0.7575000000000001 0.09071274298056156 0.03166666666666667
0 0.5421166306695465 0.7766666666666667 0.08639308855291578 0.030000000000000002
0 0.8153347732181426 0.785 0.183585313174946 0.1
