0 0.34017278617710583 0.09250000000000001 0.3304535637149028 0.085
0 0.724622030237581 0.09250000000000001 0.3779697624190065 0.08833333333333333
0 0.21706263498920086 0.31833333333333336 0.2526997840172786 0.08666666666666667
0 0.42224622030237585 0.3166666666666667 0.1533477321814255 0.07666666666666667
0 0.6079913606911448 0.3091666666666667 0.12742980561555076 0.06833333333333334
0 0.7278617710583154 0.315 0.13822894168466524 0.07666666666666667
0 0.8390928725701944 0.3241666666666667 0.13174946004319654 0.09833333333333334
0 0.22030237580993522 0.5408333333333334 0.2634989200863931 0.07500000000000001
0 0.4125269978401728 0.5466666666666667 0.15550755939524838 0.07666666666666667
0 0.7008639308855292 0.5433333333333333 0.38660907127429806 0.07666666666666667
0 0.5907127429805616 0.5891666666666667 0.09719222462203024 0.055
0 0.5421166306695465 0.6441666666666667 0.05183585313174946 0.03166666666666667
0 0.8639308855291578 0.6516666666666667 0.05183585313174946 0.03666666666666667
0 0.3693304535637149 0.7758333333333334 0.3023758099352052 0.08166666666666667
0 0.6015118790496761 0.7633333333333334 0.11879049676025918 0.05666666666666667
0 0.7721382289416847 0.7725000000000001 0.26133909287257023 0.085
