0 0.3120950323974082 0.13083333333333333 0.1533477321814255 0.08833333333333333
0 0.43412526997840173 0.12583333333333335 0.1123110151187905 0.07500000000000001
0 0.7030237580993521 0.0775 0.3347732181425486 0.07833333333333334
0 0.734341252699784 0.11166666666666668 0.12958963282937366 0.04666666666666667
0 0.15010799136069117 0.31333333333333335 0.12742980561555076 0.08333333333333334
0 0.31965442764578833 0.32583333333333336 0.23326133909287258 0.10833333333333334
0 0.6047516198704104 0.30250000000000005 0.1511879049676026 0.05166666666666667
0 0.7904967602591794 0.3166666666666667 0.24190064794816415 0.07
0 0.2494600431965443 0.5366666666666667 0.3174946004319655 0.08
0 0.44060475161987045 0.5308333333333334 0.09935205183585313 0.06166666666666667
0 0.6371490280777539 0.5791666666666667 0.24190064794816415 0.15833333333333335
0 0.838012958963283 0.5983333333333334 0.09935205183585313 0.1
0 0.2526997840172786 0.7741666666666667 0.31965442764578833 0.07833333333333334
0 0.3390928725701944 0.8 0.12958963282937366 0.05333333333333334
0 0.5377969762419007 0.7808333333333334 0.23326133909287258 0.095
0 0.7008639308855292 0.7691666666666667 0.11015118790496761 0.06833333333333334
0 0.8444924406047517 0.7725000000000001 0.06911447084233262 0.07500000000000001
