0 0.2699784017278618 0.09250000000000001 0.31965442764578833 0.085
0 0.6457883369330454 0.08416666666666667 0.11663066954643629 0.06833333333333334
0 0.796976241900648 0.08583333333333334 0.18142548596112312 0.07500000000000001
0 0.27213822894168466 0.3016666666666667 0.3326133909287257 0.060000000000000005
0 0.5539956803455723 0.3141666666666667 0.15766738660907129 0.08166666666666667
0 0.7613390928725703 0.305 0.2354211663066955 0.06333333333333334
0 0.21706263498920086 0.5408333333333334 0.21382289416846653 0.07833333333333334
0 0.408207343412527 0.5275000000000001 0.18142548596112312 0.058333333333333334
0 0.7580993520518359 0.5341666666666667 0.2678185745140389 0.065
0 0.7732181425485961 0.5533333333333333 0.2289416846652268 0.05666666666666667
0 0.1652267818574514 0.77 0.1144708423326134 0.08
0 0.2526997840172786 0.7725000000000001 0.10367170626349892 0.08833333333333333
0 0.3434125269978402 0.7591666666666668 0.09503239740820735 0.058333333333333334
0 0.4470842332613391 0.7616666666666667 0.13390928725701945 0.06666666666666667
0 0.5885529157667387 0.7433333333333334 0.16198704103671707 0.03666666666666667
0 0.5853131749460043 0.7775000000000001 0.15982721382289417 0.058333333333333334
