0 0.2289416846652268 0.08166666666666667 0.224622030237581 0.06666666666666667
0 0.42764578833693306 0.07416666666666667 0.1511879049676026 0.05166666666666667
0 0.66414686825054 0.08583333333333334 0.26133909287257023 0.07833333333333334
0 0.17494600431965443 0.30583333333333335 0.12526997840172788 0.06166666666666667
0 0.3347732181425486 0.3075 0.12095032397408208 0.06166666666666667
0 0.43412526997840173 0.31 0.09503239740820735 0.06333333333333334
0 0.40928725701943847 0.3358333333333334 0.09719222462203024 0.07166666666666667
0 0.2062634989200864 0.545 0.18790496760259182 0.08666666666666667
0 0.5907127429805616 0.3116666666666667 0.183585313174946 0.07333333333333333
0 0.8012958963282938 0.315 0.16846652267818576 0.08
0 0.5701943844492441 0.535 0.15982721382289417 0.07333333333333333
0 0.22570194384449246 0.7725000000000001 0.21814254859611232 0.08166666666666667
0 0.15982721382289417 0.7958333333333334 0.09071274298056156 0.04166666666666667
0 0.42224622030237585 0.7816666666666667 0.12311015118790497 0.10333333333333335
0 0.5766738660907128 0.765 0.15550755939524838 0.060000000000000005
0 0.7688984881209504 0.7658333333333334 0.2289416846652268 0.065
