0 0.14902807775377971 0.07083333333333333 0.07775377969762419 0.04833333333333334
0 0.34233261339092874 0.06916666666666667 0.2786177105831534 0.04166666666666667
0 0.4416846652267819 0.10250000000000001 0.07991360691144708 0.055
0 0.5658747300215983 0.085 0.13390928725701945 0.07333333333333333
0 0.7116630669546437 0.08 0.16198704103671707 0.06333333333333334
0 0.8347732181425487 0.08333333333333334 0.11879049676025918 0.07
0 0.1781857451403888 0.27416666666666667 0.13606911447084233 0.06166666666666667
0 0.306695464362851 0.2733333333333334 0.10799136069114472 0.05666666666666667
0 0.4622030237580994 0.2733333333333334 0.19438444924406048 0.06333333333333334
0 0.6479481641468683 0.27 0.13390928725701945 0.05
0 0.8412526997840173 0.26833333333333337 0.08855291576673867 0.05333333333333334
