0 0.14794816414686826 0.07 0.09719222462203024 0.04666666666666667
0 0.3174946004319655 0.08833333333333333 0.27645788336933047 0.08333333333333334
0 0.44600431965442766 0.09916666666666667 0.06695464362850972 0.055
0 0.572354211663067 0.07833333333333334 0.07775377969762419 0.060000000000000005
0 0.20086393088552917 0.32 0.224622030237581 0.08333333333333334
0 0.3822894168466523 0.35750000000000004 0.17710583153347734 0.16166666666666668
0 0.6198704103671706 0.3175 0.2591792656587473 0.085
0 0.8466522678185746 0.3066666666666667 0.10799136069114472 0.07
0 0.19546436285097193 0.5408333333333334 0.18790496760259182 0.07500000000000001
0 0.3963282937365011 0.5358333333333334 0.17494600431965443 0.06833333333333334
0 0.6047516198704104 0.6883333333333334 0.17710583153347734 0.04666666666666667
0 0.8012958963282938 0.6875 0.16846652267818576 0.04833333333333334
0 0.1285097192224622 0.76 0.06263498920086394 0.060000000000000005
0 0.27213822894168466 0.7633333333333334 0.20302375809935205 0.06333333333333334
0 0.4449244060475162 0.7591666666666668 0.13390928725701945 0.055
0 0.7267818574514039 0.755 0.21382289416846653 0.04666666666666667
0 0.8509719222462203 0.765 0.09503239740820735 0.060000000000000005
