0 0.27213822894168466 0.08166666666666667 0.27213822894168466 0.07666666666666667
0 0.47732181425485964 0.09000000000000001 0.13822894168466524 0.08666666666666667
0 0.6717062634989202 0.09833333333333334 0.18142548596112312 0.1
0 0.8531317494600432 0.09166666666666667 0.09503239740820735 0.08
0 0.2580993520518359 0.29083333333333333 0.30021598272138234 0.035
0 0.47948164146868255 0.3116666666666667 0.12958963282937366 0.08333333333333334
0 0.6382289416846653 0.3075 0.1533477321814255 0.065
0 0.8304535637149029 0.3075 0.10151187904967603 0.04166666666666667
0 0.21166306695464365 0.5308333333333334 0.23326133909287258 0.055
0 0.3920086393088553 0.5866666666666667 0.11879049676025918 0.043333333333333335
0 0.6565874730021599 0.5358333333333334 0.25053995680345575 0.06833333333333334
0 0.8434125269978402 0.55 0.09287257019438445 0.05666666666666667
0 0.23650107991360692 0.7725000000000001 0.2915766738660907 0.09166666666666667
0 0.5421166306695465 0.7583333333333334 0.18142548596112312 0.06666666666666667
