0 0.16198704103671707 0.08166666666666667 0.14254859611231102 0.08333333333333334
0 0.3531317494600432 0.0775 0.26133909287257023 0.07500000000000001
0 0.5809935205183586 0.07500000000000001 0.16414686825053998 0.06666666666666667
0 0.7332613390928726 0.07333333333333333 0.14470842332613393 0.05333333333333334
0 0.8542116630669547 0.06916666666666667 0.08855291576673867 0.055
0 0.1673866090712743 0.32083333333333336 0.16630669546436286 0.095
0 0.3563714902807776 0.32083333333333336 0.25053995680345575 0.10166666666666667
0 0.22138228941684668 0.3591666666666667 0.04967602591792657 0.04833333333333334
0 0.36285097192224625 0.35833333333333334 0.047516198704103674 0.04666666666666667
0 0.6922246220302376 0.3516666666666667 0.347732181425486 0.15666666666666668
0 0.29265658747300216 0.5508333333333334 0.36501079913606915 0.095
0 0.7311015118790497 0.5475 0.2958963282937365 0.09166666666666667
0 0.28293736501079914 0.7741666666666667 0.35853131749460043 0.085
0 0.5647948164146869 0.7675000000000001 0.16198704103671707 0.06833333333333334
0 0.7904967602591794 0.77 0.224622030237581 0.07666666666666667
