0 0.18790496760259182 0.08750000000000001 0.20302375809935205 0.085
0 0.34449244060475165 0.07916666666666668 0.14470842332613393 0.07833333333333334
0 0.44600431965442766 0.07916666666666668 0.09287257019438445 0.07166666666666667
0 0.5928725701943844 0.09250000000000001 0.17926565874730022 0.09166666666666667
0 0.7397408207343413 0.08583333333333334 0.11015118790496761 0.08166666666666667
0 0.8509719222462203 0.07250000000000001 0.10799136069114472 0.06166666666666667
0 0.42980561555075597 0.29833333333333334 0.33693304535637153 0.05333333333333334
0 0.6382289416846653 0.29500000000000004 0.21814254859611232 0.05333333333333334
0 0.2429805615550756 0.5866666666666667 0.16198704103671707 0.07666666666666667
0 0.4265658747300216 0.6283333333333334 0.15766738660907129 0.12666666666666668
0 0.613390928725702 0.5658333333333334 0.1857451403887689 0.11833333333333335
0 0.8131749460043197 0.6466666666666667 0.15766738660907129 0.10333333333333335
0 0.16630669546436286 0.7891666666666667 0.1468682505399568 0.058333333333333334
0 0.4168466522678186 0.8966666666666667 0.13822894168466524 0.09666666666666668
0 0.6241900647948164 0.7666666666666667 0.24190064794816415 0.07333333333333333
0 0.8207343412526998 0.78 0.1511879049676026 0.09000000000000001
