0 0.19546436285097193 0.07916666666666668 0.21382289416846653 0.06166666666666667
0 0.3714902807775378 0.07 0.21166306695464365 0.05
0 0.40388768898488125 0.11666666666666667 0.16414686825053998 0.030000000000000002
0 0.6371490280777539 0.09083333333333334 0.1857451403887689 0.07833333333333334
0 0.6058315334773219 0.3325 0.13606911447084233 0.09166666666666667
0 0.8120950323974082 0.2025 0.17278617710583155 0.08833333333333333
0 0.7894168466522679 0.29583333333333334 0.2267818574514039 0.08833333333333333
0 0.17926565874730022 0.56 0.18142548596112312 0.08
0 0.35853131749460043 0.55 0.2548596112311015 0.09000000000000001
0 0.7516198704103673 0.535 0.2807775377969763 0.06333333333333334
0 0.8099352051835854 0.5725 0.16846652267818576 0.05166666666666667
0 0.4146868250539957 0.7791666666666667 0.18142548596112312 0.08833333333333333
0 0.7386609071274298 0.7591666666666668 0.14254859611231102 0.055
