0 0.183585313174946 0.085 0.19870410367170627 0.06333333333333334
0 0.6112311015118791 0.07916666666666668 0.19870410367170627 0.07833333333333334
0 0.82829373650108 0.15000000000000002 0.17494600431965443 0.04666666666666667
0 0.183585313174946 0.3066666666666667 0.1900647948164147 0.06333333333333334
0 0.7624190064794817 0.3141666666666667 0.2937365010799136 0.07166666666666667
0 0.34233261339092874 0.5408333333333334 0.17062634989200864 0.08166666666666667
0 0.4859611231101512 0.5433333333333333 0.1857451403887689 0.08333333333333334
0 0.6965442764578834 0.5416666666666667 0.21382289416846653 0.07333333333333333
0 0.8455723542116631 0.555 0.11015118790496761 0.1
0 0.8596112311015119 0.6475000000000001 0.09503239740820735 0.04833333333333334
0 0.16630669546436286 0.8825000000000001 0.13822894168466524 0.11833333333333335
0 0.6803455723542117 0.77 0.21598272138228944 0.08666666666666667
0 0.8390928725701944 0.7675000000000001 0.12742980561555076 0.06166666666666667
