0 0.19870410367170627 0.08916666666666667 0.2289416846652268 0.09833333333333334
0 0.45464362850971923 0.1 0.09287257019438445 0.07666666666666667
0 0.6717062634989202 0.0825 0.3023758099352052 0.085
0 0.8596112311015119 0.0825 0.09935205183585313 0.07500000000000001
0 0.1695464362850972 0.315 0.16198704103671707 0.08666666666666667
0 0.30777537796976245 0.32083333333333336 0.16630669546436286 0.09166666666666667
0 0.4352051835853132 0.3166666666666667 0.10583153347732183 0.08666666666666667
0 0.5863930885529158 0.315 0.15766738660907129 0.09333333333333334
0 0.7840172786177106 0.3091666666666667 0.23758099352051837 0.07166666666666667
0 0.20734341252699784 0.5425 0.23326133909287258 0.07833333333333334
0 0.46436285097192226 0.5691666666666667 0.28509719222462204 0.12833333333333335
0 0.6727861771058316 0.5416666666666667 0.14902807775377971 0.07333333333333333
0 0.7678185745140389 0.7816666666666667 0.2786177105831534 0.1
0 0.5842332613390929 0.7858333333333334 0.0755939524838013 0.045000000000000005
