0 0.5788336933045357 0.09583333333333334 0.34989200863930886 0.10500000000000001
0 0.1393088552915767 0.54 0.07991360691144708 0.07666666666666667
0 0.30021598272138234 0.5575 0.2591792656587473 0.11166666666666668
0 0.4578833693304536 0.5458333333333334 0.10799136069114472 0.08833333333333333
0 0.6101511879049676 0.5433333333333333 0.17926565874730022 0.08333333333333334
0 0.7861771058315336 0.5641666666666667 0.21598272138228944 0.12833333333333335
0 0.25053995680345575 0.8116666666666668 0.31533477321814257 0.15333333333333335
0 0.40388768898488125 0.805 0.1900647948164147 0.15333333333333335
0 0.5745140388768899 0.7758333333333334 0.12526997840172788 0.09166666666666667
0 0.7634989200863931 0.7675000000000001 0.2915766738660907 0.07500000000000001
