0 0.21706263498920086 0.085 0.21814254859611232 0.07
0 0.42224622030237585 0.08333333333333334 0.1922246220302376 0.07
0 0.6220302375809935 0.09166666666666667 0.17710583153347734 0.08
0 0.7980561555075595 0.08750000000000001 0.17062634989200864 0.08166666666666667
0 0.20086393088552917 0.31833333333333336 0.1900647948164147 0.08
0 0.4114470842332614 0.315 0.21814254859611232 0.07666666666666667
0 0.5615550755939526 0.325 0.05183585313174946 0.09000000000000001
0 0.724622030237581 0.315 0.2570194384449244 0.08
0 0.7958963282937366 0.33416666666666667 0.20950323974082075 0.07166666666666667
0 0.18142548596112312 0.5475 0.14254859611231102 0.07833333333333334
0 0.37904967602591794 0.5316666666666667 0.2267818574514039 0.05333333333333334
0 0.5593952483801297 0.5383333333333333 0.09503239740820735 0.06666666666666667
0 0.8056155507559396 0.5325000000000001 0.1511879049676026 0.055
