0 0.20734341252699784 0.0825 0.20302375809935205 0.07166666666666667
0 0.3952483801295897 0.08333333333333334 0.17710583153347734 0.06333333333333334
0 0.6177105831533478 0.09333333333333334 0.25053995680345575 0.09333333333333334
0 0.816414686825054 0.07583333333333334 0.13822894168466524 0.055
0 0.19978401727861772 0.3166666666666667 0.17062634989200864 0.07666666666666667
0 0.38876889848812096 0.32916666666666666 0.18142548596112312 0.10166666666666667
0 0.613390928725702 0.3116666666666667 0.24190064794816415 0.06666666666666667
0 0.8056155507559396 0.31583333333333335 0.17278617710583155 0.07833333333333334
0 0.30345572354211664 0.5516666666666667 0.38660907127429806 0.08666666666666667
0 0.838012958963283 0.5508333333333334 0.1123110151187905 0.09166666666666667
0 0.173866090712743 0.7658333333333334 0.12742980561555076 0.07500000000000001
0 0.35205183585313177 0.7625000000000001 0.23326133909287258 0.06833333333333334
0 0.5842332613390929 0.775 0.14470842332613393 0.09333333333333334
0 0.7213822894168467 0.7725000000000001 0.13390928725701945 0.08166666666666667
0 0.8444924406047517 0.7741666666666667 0.09503239740820735 0.085
