0 0.16630669546436286 0.07916666666666668 0.1468682505399568 0.065
0 0.3412526997840173 0.08666666666666667 0.2591792656587473 0.08666666666666667
0 0.6987041036717063 0.07916666666666668 0.27429805615550756 0.07500000000000001
0 0.816414686825054 0.10666666666666667 0.09503239740820735 0.06333333333333334
0 0.1781857451403888 0.3191666666666667 0.16198704103671707 0.09833333333333334
0 0.3563714902807776 0.3066666666666667 0.20734341252699784 0.07
0 0.7537796976241901 0.3125 0.2678185745140389 0.07500000000000001
0 0.775377969762419 0.5433333333333333 0.2634989200863931 0.08333333333333334
0 0.16846652267818576 0.6425000000000001 0.14254859611231102 0.06166666666666667
0 0.34449244060475165 0.6191666666666668 0.14038876889848814 0.06833333333333334
0 0.4535637149028078 0.5941666666666667 0.11663066954643629 0.085
0 0.29265658747300216 0.7666666666666667 0.3304535637149028 0.07333333333333333
0 0.5896328293736501 0.7766666666666667 0.17278617710583155 0.09333333333333334
0 0.7537796976241901 0.7741666666666667 0.1900647948164147 0.08833333333333333
