0 0.20734341252699784 0.08666666666666667 0.19438444924406048 0.07333333333333333
0 0.3693304535637149 0.07166666666666667 0.09935205183585313 0.05333333333333334
0 0.45464362850971923 0.09416666666666668 0.07991360691144708 0.095
0 0.623110151187905 0.09166666666666667 0.20950323974082075 0.08666666666666667
0 0.8131749460043197 0.0775 0.1533477321814255 0.06166666666666667
0 0.21382289416846653 0.31 0.20302375809935205 0.08
0 0.40928725701943847 0.3066666666666667 0.1533477321814255 0.07
0 0.6976241900647948 0.32 0.3326133909287257 0.1
0 0.19114470842332615 0.545 0.16630669546436286 0.07666666666666667
0 0.33693304535637153 0.55 0.09935205183585313 0.10333333333333335
0 0.7624190064794817 0.5466666666666667 0.13822894168466524 0.05
0 0.2861771058315335 0.7691666666666667 0.347732181425486 0.06833333333333334
0 0.6166306695464363 0.7691666666666667 0.15766738660907129 0.07166666666666667
0 0.787257019438445 0.7775000000000001 0.20518358531317496 0.08833333333333333
