0 0.7516198704103673 0.06916666666666667 0.27213822894168466 0.05166666666666667
0 0.2084233261339093 0.3066666666666667 0.1965442764578834 0.07333333333333333
0 0.40388768898488125 0.30000000000000004 0.17278617710583155 0.05
0 0.685745140388769 0.3075 0.2958963282937365 0.07166666666666667
0 0.1965442764578834 0.5233333333333333 0.17278617710583155 0.04666666666666667
0 0.3693304535637149 0.535 0.19438444924406048 0.06666666666666667
0 0.6090712742980562 0.5308333333333334 0.2289416846652268 0.055
0 0.7958963282937366 0.5408333333333334 0.17926565874730022 0.07500000000000001
0 0.2224622030237581 0.76 0.224622030237581 0.06333333333333334
0 0.4265658747300216 0.7525000000000001 0.18790496760259182 0.05166666666666667
0 0.7127429805615552 0.7583333333333334 0.3412526997840173 0.060000000000000005
