0 0.2311015118790497 0.08916666666666667 0.20734341252699784 0.08833333333333333
0 0.40172786177105835 0.085 0.1468682505399568 0.07333333333333333
0 0.6695464362850972 0.08083333333333334 0.2591792656587473 0.07833333333333334
0 0.8401727861771059 0.10750000000000001 0.1123110151187905 0.055
0 0.18466522678185746 0.31833333333333336 0.183585313174946 0.09000000000000001
0 0.3876889848812095 0.30833333333333335 0.20518358531317496 0.08
0 0.5982721382289418 0.305 0.18142548596112312 0.06666666666666667
0 0.8002159827213824 0.3141666666666667 0.20518358531317496 0.085
0 0.40388768898488125 0.5425 0.09071274298056156 0.04833333333333334
0 0.2289416846652268 0.765 0.2289416846652268 0.07
0 0.4103671706263499 0.7641666666666667 0.10799136069114472 0.058333333333333334
0 0.6025917926565875 0.7691666666666667 0.1900647948164147 0.07833333333333334
0 0.7980561555075595 0.7708333333333334 0.21382289416846653 0.085
