0 0.15550755939524838 0.08750000000000001 0.11663066954643629 0.07166666666666667
0 0.338012958963283 0.08083333333333334 0.2526997840172786 0.058333333333333334
0 0.5604751619870411 0.08666666666666667 0.07991360691144708 0.06333333333333334
0 0.7073434125269978 0.095 0.1533477321814255 0.1
0 0.8390928725701944 0.09166666666666667 0.13174946004319654 0.11
0 0.30345572354211664 0.3091666666666667 0.16630669546436286 0.06166666666666667
0 0.4816414686825054 0.3116666666666667 0.13822894168466524 0.06666666666666667
0 0.6835853131749461 0.3175 0.2570194384449244 0.08166666666666667
0 0.8369330453563716 0.3091666666666667 0.09719222462203024 0.065
0 0.15442764578833695 0.5416666666666667 0.1144708423326134 0.07
0 0.2915766738660907 0.5416666666666667 0.12526997840172788 0.08
0 0.4049676025917927 0.5433333333333333 0.13174946004319654 0.08333333333333334
0 0.6058315334773219 0.545 0.2354211663066955 0.08333333333333334
0 0.8120950323974082 0.5316666666666667 0.17710583153347734 0.06333333333333334
0 0.15010799136069117 0.7625000000000001 0.09719222462203024 0.07166666666666667
0 0.30777537796976245 0.7583333333333334 0.16630669546436286 0.05333333333333334
0 0.4654427645788337 0.7491666666666668 0.14902807775377971 0.035
0 0.613390928725702 0.7475 0.1468682505399568 0.03833333333333334
0 0.7721382289416847 0.75 0.16198704103671707 0.05333333333333334
