0 0.5442764578833693 0.07 0.2289416846652268 0.05
0 0.7732181425485961 0.07416666666666667 0.2289416846652268 0.055
0 0.4535637149028078 0.3691666666666667 0.14254859611231102 0.155
0 0.603671706263499 0.30333333333333334 0.183585313174946 0.05666666666666667
0 0.7840172786177106 0.305 0.16414686825053998 0.060000000000000005
0 0.1900647948164147 0.525 0.16414686825053998 0.04666666666666667
0 0.39092872570194387 0.5333333333333333 0.23758099352051837 0.06333333333333334
0 0.7937365010799137 0.5416666666666667 0.17494600431965443 0.09000000000000001
0 0.18250539956803458 0.7625000000000001 0.14902807775377971 0.065
0 0.40388768898488125 0.7641666666666667 0.15550755939524838 0.07166666666666667
0 0.6565874730021599 0.79 0.17710583153347734 0.12000000000000001
0 0.8131749460043197 0.7766666666666667 0.15766738660907129 0.09666666666666668
