0 0.18250539956803458 0.08666666666666667 0.17494600431965443 0.08
0 0.4049676025917927 0.08333333333333334 0.16630669546436286 0.07
0 0.7375809935205184 0.08833333333333333 0.3304535637149028 0.08
0 0.2807775377969763 0.3141666666666667 0.35853131749460043 0.08166666666666667
0 0.5669546436285098 0.30833333333333335 0.14038876889848814 0.07
0 0.775377969762419 0.3216666666666667 0.25053995680345575 0.09000000000000001
0 0.17494600431965443 0.54 0.1511879049676026 0.07666666666666667
0 0.367170626349892 0.5316666666666667 0.23326133909287258 0.06333333333333334
0 0.6123110151187905 0.5316666666666667 0.1922246220302376 0.07333333333333333
0 0.8174946004319655 0.5316666666666667 0.1533477321814255 0.060000000000000005
0 0.338012958963283 0.7625000000000001 0.16630669546436286 0.065
0 0.5431965442764579 0.7683333333333334 0.24406047516198706 0.08666666666666667
0 0.734341252699784 0.7591666666666668 0.1511879049676026 0.06166666666666667
0 0.8110151187904968 0.9183333333333334 0.1922246220302376 0.04666666666666667
