0 0.17602591792656588 0.08333333333333334 0.17062634989200864 0.07
0 0.367170626349892 0.0775 0.24190064794816415 0.06166666666666667
0 0.6101511879049676 0.07500000000000001 0.20950323974082075 0.04666666666666667
0 0.7958963282937366 0.07500000000000001 0.10151187904967603 0.06666666666666667
0 0.17926565874730022 0.31083333333333335 0.17710583153347734 0.06166666666666667
0 0.4352051835853132 0.3016666666666667 0.14470842332613393 0.043333333333333335
0 0.5863930885529158 0.315 0.12311015118790497 0.08
0 0.7073434125269978 0.3041666666666667 0.15766738660907129 0.06166666666666667
0 0.8434125269978402 0.3216666666666667 0.1144708423326134 0.09666666666666668
0 0.2041036717062635 0.545 0.2267818574514039 0.09000000000000001
0 0.3963282937365011 0.5558333333333334 0.13606911447084233 0.10166666666666667
0 0.7645788336933046 0.5425 0.2289416846652268 0.06833333333333334
0 0.224622030237581 0.7675000000000001 0.23326133909287258 0.06833333333333334
0 0.296976241900648 0.9141666666666667 0.09287257019438445 0.065
