0 0.1857451403887689 0.305 0.1511879049676026 0.06666666666666667
0 0.42008639308855295 0.30000000000000004 0.31317494600431967 0.060000000000000005
0 0.4686825053995681 0.3191666666666667 0.22030237580993522 0.058333333333333334
0 0.24622030237580994 0.5408333333333334 0.1511879049676026 0.08166666666666667
0 0.4049676025917927 0.535 0.17494600431965443 0.06666666666666667
0 0.6965442764578834 0.5416666666666667 0.36501079913606915 0.08
0 0.7775377969762419 0.5766666666666667 0.17710583153347734 0.043333333333333335
0 0.22030237580993522 0.7625000000000001 0.21166306695464365 0.07166666666666667
0 0.4244060475161987 0.77 0.21382289416846653 0.09000000000000001
0 0.7235421166306696 0.76 0.27645788336933047 0.07666666666666667
