0 0.29481641468682507 0.09666666666666668 0.3952483801295897 0.10333333333333335
0 0.39740820734341253 0.135 0.1857451403887689 0.07
0 0.7105831533477323 0.08 0.31965442764578833 0.06666666666666667
0 0.826133909287257 0.24000000000000002 0.15766738660907129 0.05666666666666667
0 0.19870410367170627 0.31083333333333335 0.19438444924406048 0.07166666666666667
0 0.40388768898488125 0.315 0.19438444924406048 0.08
0 0.43844492440604754 0.4591666666666667 0.15550755939524838 0.06833333333333334
0 0.5971922246220303 0.34750000000000003 0.12742980561555076 0.07166666666666667
0 0.7149028077753781 0.31083333333333335 0.31101511879049676 0.065
0 0.20734341252699784 0.54 0.20734341252699784 0.08
0 0.4049676025917927 0.545 0.16198704103671707 0.08666666666666667
0 0.6285097192224622 0.545 0.21598272138228944 0.07333333333333333
0 0.8131749460043197 0.5475 0.14470842332613393 0.085
0 0.29805615550755943 0.7625000000000001 0.34989200863930886 0.06833333333333334
0 0.7289416846652268 0.7716666666666667 0.3174946004319655 0.07666666666666667
