0 0.3228941684665227 0.08333333333333334 0.3304535637149028 0.07666666666666667
0 0.40928725701943847 0.23583333333333334 0.16198704103671707 0.055
0 0.7030237580993521 0.10833333333333334 0.32181425485961124 0.12333333333333334
0 0.27645788336933047 0.31833333333333336 0.3326133909287257 0.08666666666666667
0 0.3898488120950324 0.46166666666666667 0.1965442764578834 0.05333333333333334
0 0.705183585313175 0.32333333333333336 0.3347732181425486 0.09333333333333334
0 0.28293736501079914 0.5516666666666667 0.34989200863930886 0.10333333333333335
0 0.6911447084233262 0.5566666666666668 0.2937365010799136 0.11333333333333334
0 0.8218142548596112 0.6816666666666668 0.11015118790496761 0.07666666666666667
0 0.3801295896328294 0.6891666666666667 0.2289416846652268 0.07166666666666667
0 0.22138228941684668 0.7775000000000001 0.24838012958963285 0.08833333333333333
0 0.40928725701943847 0.7916666666666667 0.16198704103671707 0.12000000000000001
0 0.6965442764578834 0.7783333333333334 0.347732181425486 0.08666666666666667
