0 0.25593952483801297 0.09916666666666667 0.2915766738660907 0.10500000000000001
0 0.4719222462203024 0.09416666666666668 0.14038876889848814 0.095
0 0.6198704103671706 0.08750000000000001 0.12095032397408208 0.07833333333333334
0 0.7861771058315336 0.09333333333333334 0.1900647948164147 0.09333333333333334
0 0.17278617710583155 0.3166666666666667 0.12526997840172788 0.07666666666666667
0 0.35205183585313177 0.3216666666666667 0.2937365010799136 0.08666666666666667
0 0.6879049676025918 0.31833333333333336 0.3347732181425486 0.08666666666666667
0 0.8455723542116631 0.35000000000000003 0.0755939524838013 0.06666666666666667
0 0.20518358531317496 0.5441666666666667 0.17278617710583155 0.07166666666666667
0 0.5518358531317495 0.5525 0.1533477321814255 0.09833333333333334
0 0.7613390928725703 0.5408333333333334 0.24838012958963285 0.07833333333333334
0 0.1857451403887689 0.7725000000000001 0.14254859611231102 0.08833333333333333
0 0.3822894168466523 0.775 0.24190064794816415 0.09333333333333334
0 0.593952483801296 0.7733333333333334 0.15550755939524838 0.09666666666666668
0 0.7861771058315336 0.7783333333333334 0.21598272138228944 0.1
0 0.8412526997840173 0.8083333333333333 0.09719222462203024 0.04
