0 0.2937365010799136 0.4291666666666667 0.2289416846652268 0.04166666666666667
0 0.3412526997840173 0.4683333333333334 0.12958963282937366 0.04
0 0.6382289416846653 0.07833333333333334 0.18790496760259182 0.05
0 0.5853131749460043 0.3141666666666667 0.12095032397408208 0.07500000000000001
0 0.42008639308855295 0.1125 0.058315334773218146 0.035
0 0.7019438444924406 0.33 0.1468682505399568 0.11333333333333334
0 0.8315334773218143 0.33083333333333337 0.1468682505399568 0.115
0 0.1965442764578834 0.54 0.21598272138228944 0.08666666666666667
0 0.5809935205183586 0.5341666666666667 0.17278617710583155 0.058333333333333334
0 0.787257019438445 0.5891666666666667 0.2311015118790497 0.1716666666666667
0 0.7321814254859612 0.7966666666666667 0.27213822894168466 0.06666666666666667
