0 0.5788336933045357 0.08 0.15982721382289417 0.06333333333333334
0 0.7786177105831534 0.08416666666666667 0.0755939524838013 0.06166666666666667
0 0.3963282937365011 0.29333333333333333 0.15766738660907129 0.05
0 0.6025917926565875 0.31 0.17278617710583155 0.07333333333333333
0 0.22786177105831534 0.5433333333333333 0.2311015118790497 0.08333333333333334
0 0.5583153347732182 0.5516666666666667 0.183585313174946 0.07
0 0.21382289416846653 0.7625000000000001 0.20734341252699784 0.06833333333333334
0 0.398488120950324 0.7666666666666667 0.1533477321814255 0.08666666666666667
0 0.5550755939524838 0.77 0.12958963282937366 0.09000000000000001
0 0.7624190064794817 0.77 0.25053995680345575 0.08333333333333334
