0 0.24514038876889852 0.08583333333333334 0.3045356371490281 0.08833333333333333
0 0.449244060475162 0.08333333333333334 0.1123110151187905 0.08333333333333334
0 0.7159827213822895 0.2275 0.3779697624190065 0.065
0 0.19870410367170627 0.325 0.20734341252699784 0.10666666666666667
0 0.32937365010799136 0.3241666666666667 0.0755939524838013 0.08166666666666667
0 0.4287257019438445 0.3275 0.12742980561555076 0.10833333333333334
0 0.6209503239740821 0.32 0.2224622030237581 0.09000000000000001
0 0.8110151187904968 0.32916666666666666 0.1965442764578834 0.10500000000000001
0 0.23974082073434128 0.545 0.2937365010799136 0.08666666666666667
0 0.44276457883369336 0.5391666666666667 0.13390928725701945 0.065
0 0.7149028077753781 0.54 0.38876889848812096 0.08
0 0.6123110151187905 0.7675000000000001 0.20950323974082075 0.07833333333333334
0 0.8218142548596112 0.7691666666666667 0.16198704103671707 0.06833333333333334
