0 0.32181425485961124 0.08166666666666667 0.3714902807775378 0.07333333333333333
0 0.705183585313175 0.07833333333333334 0.3347732181425486 0.07333333333333333
0 0.8023758099352052 0.13333333333333333 0.17926565874730022 0.060000000000000005
0 0.1922246220302376 0.3241666666666667 0.20734341252699784 0.10500000000000001
0 0.3844492440604752 0.31083333333333335 0.20302375809935205 0.07833333333333334
0 0.6198704103671706 0.3191666666666667 0.224622030237581 0.10500000000000001
0 0.8099352051835854 0.3166666666666667 0.19438444924406048 0.09000000000000001
0 0.18034557235421167 0.5458333333333334 0.14902807775377971 0.095
0 0.3736501079913607 0.56 0.224622030237581 0.11666666666666667
0 0.3822894168466523 0.5825 0.12526997840172788 0.06166666666666667
0 0.7095032397408207 0.5375000000000001 0.3693304535637149 0.08166666666666667
0 0.6987041036717063 0.7533333333333334 0.2267818574514039 0.05666666666666667
