0 0.2548596112311015 0.06916666666666667 0.28941684665226786 0.045000000000000005
0 0.36501079913606915 0.24000000000000002 0.23326133909287258 0.043333333333333335
0 0.6177105831533478 0.08666666666666667 0.15550755939524838 0.07666666666666667
0 0.8012958963282938 0.09416666666666668 0.17278617710583155 0.095
0 0.21814254859611232 0.3066666666666667 0.224622030237581 0.05666666666666667
0 0.4265658747300216 0.3466666666666667 0.18790496760259182 0.1366666666666667
0 0.6123110151187905 0.31333333333333335 0.17494600431965443 0.08
0 0.7926565874730022 0.32916666666666666 0.1900647948164147 0.11833333333333335
0 0.2904967602591793 0.5333333333333333 0.36069114470842334 0.05666666666666667
0 0.46436285097192226 0.5483333333333333 0.06911447084233262 0.04
0 0.6900647948164147 0.5333333333333333 0.2224622030237581 0.06333333333333334
0 0.7526997840172787 0.76 0.265658747300216 0.07
