0 0.20194384449244063 0.06833333333333334 0.1922246220302376 0.060000000000000005
0 0.5529157667386609 0.09416666666666668 0.34989200863930886 0.07500000000000001
0 0.8250539956803457 0.07916666666666668 0.12095032397408208 0.04833333333333334
0 0.15766738660907129 0.3358333333333334 0.13822894168466524 0.125
0 0.4557235421166307 0.37833333333333335 0.12958963282937366 0.09333333333333334
0 0.6166306695464363 0.3066666666666667 0.1144708423326134 0.07
0 0.7958963282937366 0.30833333333333335 0.2224622030237581 0.07333333333333333
0 0.35205183585313177 0.5358333333333334 0.28509719222462204 0.06166666666666667
0 0.6382289416846653 0.5383333333333333 0.2699784017278618 0.06666666666666667
0 0.8228941684665227 0.5408333333333334 0.15550755939524838 0.07166666666666667
0 0.1922246220302376 0.6841666666666667 0.20734341252699784 0.065
0 0.42548596112311016 0.6958333333333334 0.12095032397408208 0.03833333333333334
0 0.347732181425486 0.7633333333333334 0.27213822894168466 0.06333333333333334
0 0.18034557235421167 0.9141666666666667 0.17494600431965443 0.06166666666666667
