0 0.2429805615550756 0.0675 0.12742980561555076 0.04166666666666667
0 0.4168466522678186 0.07083333333333333 0.1857451403887689 0.04166666666666667
0 0.7105831533477323 0.0775 0.3542116630669547 0.05166666666666667
0 0.224622030237581 0.30583333333333335 0.224622030237581 0.058333333333333334
0 0.4168466522678186 0.3091666666666667 0.16414686825053998 0.065
0 0.6360691144708424 0.29750000000000004 0.2354211663066955 0.058333333333333334
0 0.8002159827213824 0.30000000000000004 0.15766738660907129 0.060000000000000005
0 0.21382289416846653 0.5358333333333334 0.20734341252699784 0.07500000000000001
0 0.4146868250539957 0.52 0.22030237580993522 0.03666666666666667
0 0.39956803455723544 0.7008333333333334 0.10367170626349892 0.03166666666666667
0 0.5788336933045357 0.5275000000000001 0.15550755939524838 0.05166666666666667
0 0.7688984881209504 0.5308333333333334 0.23758099352051837 0.058333333333333334
0 0.27645788336933047 0.7625000000000001 0.3326133909287257 0.058333333333333334
0 0.5680345572354212 0.78 0.20734341252699784 0.10333333333333335
0 0.775377969762419 0.775 0.20734341252699784 0.10333333333333335
