0 0.5842332613390929 0.10500000000000001 0.1533477321814255 0.12000000000000001
0 0.8207343412526998 0.10333333333333335 0.17710583153347734 0.12333333333333334
0 0.8455723542116631 0.24583333333333335 0.12311015118790497 0.03166666666666667
0 0.1695464362850972 0.3116666666666667 0.17062634989200864 0.08666666666666667
0 0.306695464362851 0.30583333333333335 0.12095032397408208 0.065
0 0.42008639308855295 0.3116666666666667 0.14038876889848814 0.07333333333333333
0 0.6155507559395249 0.31333333333333335 0.19870410367170627 0.07666666666666667
0 0.8045356371490281 0.3216666666666667 0.1965442764578834 0.09333333333333334
0 0.6058315334773219 0.5425 0.2311015118790497 0.07833333333333334
0 0.8012958963282938 0.5433333333333333 0.21598272138228944 0.08333333333333334
0 0.2861771058315335 0.7708333333333334 0.3390928725701944 0.07833333333333334
0 0.7084233261339093 0.8116666666666668 0.38876889848812096 0.15333333333333335
