0 0.19870410367170627 0.0675 0.17278617710583155 0.03833333333333334
0 0.6922246220302376 0.0775 0.3174946004319655 0.06166666666666667
0 0.19546436285097193 0.30583333333333335 0.17062634989200864 0.06833333333333334
0 0.3736501079913607 0.3016666666666667 0.18142548596112312 0.05333333333333334
0 0.6015118790496761 0.3141666666666667 0.20950323974082075 0.07833333333333334
0 0.7904967602591794 0.3116666666666667 0.17710583153347734 0.07333333333333333
0 0.21922246220302377 0.5325000000000001 0.21814254859611232 0.06166666666666667
0 0.42764578833693306 0.5425 0.19438444924406048 0.085
0 0.6846652267818575 0.5241666666666667 0.16414686825053998 0.04833333333333334
0 0.2915766738660907 0.765 0.367170626349892 0.07333333333333333
0 0.6792656587473003 0.755 0.31317494600431967 0.05333333333333334
0 0.5809935205183586 0.7958333333333334 0.1123110151187905 0.05166666666666667
