0 0.21274298056155508 0.09416666666666668 0.183585313174946 0.07500000000000001
0 0.24406047516198706 0.17833333333333334 0.1900647948164147 0.09333333333333334
0 0.7591792656587474 0.12083333333333333 0.16630669546436286 0.125
0 0.21166306695464365 0.5358333333333334 0.20734341252699784 0.058333333333333334
0 0.41576673866090713 0.5333333333333333 0.17494600431965443 0.05
0 0.5971922246220303 0.5541666666666667 0.15766738660907129 0.09833333333333334
0 0.7365010799136069 0.5466666666666667 0.10799136069114472 0.09000000000000001
0 0.8455723542116631 0.5358333333333334 0.07991360691144708 0.065
0 0.15982721382289417 0.7766666666666667 0.10799136069114472 0.08333333333333334
0 0.36501079913606915 0.7808333333333334 0.28941684665226786 0.08833333333333333
0 0.38660907127429806 0.8175 0.09503239740820735 0.05166666666666667
0 0.5928725701943844 0.7816666666666667 0.1144708423326134 0.1
0 0.724622030237581 0.7825000000000001 0.16198704103671707 0.095
0 0.8434125269978402 0.7783333333333334 0.08855291576673867 0.09333333333333334
