0 0.14146868250539957 0.08750000000000001 0.09287257019438445 0.07500000000000001
0 0.28509719222462204 0.08583333333333334 0.19438444924406048 0.07833333333333334
0 0.5971922246220303 0.11083333333333334 0.07991360691144708 0.09833333333333334
0 0.7624190064794817 0.10333333333333335 0.2678185745140389 0.10666666666666667
0 0.2289416846652268 0.3191666666666667 0.23758099352051837 0.085
0 0.41576673866090713 0.325 0.20518358531317496 0.09333333333333334
0 0.6846652267818575 0.31083333333333335 0.15982721382289417 0.06166666666666667
0 0.8304535637149029 0.3191666666666667 0.14902807775377971 0.08166666666666667
0 0.18034557235421167 0.5375000000000001 0.16198704103671707 0.06833333333333334
0 0.32397408207343414 0.5458333333333334 0.11663066954643629 0.08833333333333333
0 0.45464362850971923 0.5525 0.11879049676025918 0.10500000000000001
0 0.6004319654427647 0.5391666666666667 0.1511879049676026 0.06833333333333334
0 0.7473002159827214 0.5391666666666667 0.12095032397408208 0.065
0 0.8531317494600432 0.54 0.09503239740820735 0.06333333333333334
0 0.3390928725701944 0.7658333333333334 0.27645788336933047 0.065
0 0.6220302375809935 0.7625000000000001 0.2548596112311015 0.055
0 0.8207343412526998 0.7783333333333334 0.10799136069114472 0.08333333333333334
