0 0.15658747300215983 0.07500000000000001 0.12311015118790497 0.05333333333333334
0 0.2904967602591793 0.08083333333333334 0.16630669546436286 0.058333333333333334
0 0.4287257019438445 0.07916666666666668 0.11015118790496761 0.045000000000000005
0 0.7105831533477323 0.10166666666666667 0.31965442764578833 0.11333333333333334
0 0.25053995680345575 0.31583333333333335 0.2634989200863931 0.08166666666666667
0 0.43304535637149033 0.32333333333333336 0.13606911447084233 0.09000000000000001
0 0.5799136069114471 0.3166666666666667 0.15766738660907129 0.08333333333333334
0 0.7732181425485961 0.31833333333333336 0.2591792656587473 0.08
0 0.17710583153347734 0.6408333333333334 0.15550755939524838 0.23500000000000001
0 0.21166306695464365 0.7683333333333334 0.16414686825053998 0.11333333333333334
0 0.4103671706263499 0.9266666666666667 0.17710583153347734 0.04
