0 0.20194384449244063 0.085 0.17926565874730022 0.08666666666666667
0 0.36501079913606915 0.08583333333333334 0.16414686825053998 0.07500000000000001
0 0.6425485961123111 0.07833333333333334 0.28293736501079914 0.06333333333333334
0 0.2429805615550756 0.305 0.26133909287257023 0.060000000000000005
0 0.4287257019438445 0.31833333333333336 0.13174946004319654 0.09333333333333334
0 0.5766738660907128 0.4116666666666667 0.10367170626349892 0.07333333333333333
0 0.7786177105831534 0.33083333333333337 0.2224622030237581 0.115
0 0.37904967602591794 0.5433333333333333 0.20518358531317496 0.07666666666666667
0 0.6090712742980562 0.6791666666666667 0.19438444924406048 0.045000000000000005
0 0.8542116630669547 0.6916666666666668 0.06695464362850972 0.05
0 0.20734341252699784 0.765 0.20302375809935205 0.07333333333333333
0 0.37041036717062636 0.7633333333333334 0.14902807775377971 0.05666666666666667
