0 0.30345572354211664 0.0775 0.38660907127429806 0.06166666666666667
0 0.6976241900647948 0.07333333333333333 0.36285097192224625 0.06333333333333334
0 0.30777537796976245 0.3016666666666667 0.3952483801295897 0.06666666666666667
0 0.6220302375809935 0.3041666666666667 0.19438444924406048 0.06166666666666667
0 0.7861771058315336 0.3041666666666667 0.15550755939524838 0.06833333333333334
0 0.2084233261339093 0.5408333333333334 0.1922246220302376 0.08166666666666667
0 0.3876889848812095 0.5325000000000001 0.17926565874730022 0.06166666666666667
0 0.5680345572354212 0.5291666666666667 0.15982721382289417 0.06166666666666667
0 0.7105831533477323 0.53 0.1468682505399568 0.060000000000000005
0 0.8250539956803457 0.525 0.11663066954643629 0.05
0 0.2408207343412527 0.7533333333333334 0.14038876889848814 0.07666666666666667
0 0.6501079913606912 0.755 0.3714902807775378 0.05333333333333334
