0 0.2548596112311015 0.09083333333333334 0.28509719222462204 0.08166666666666667
0 0.6673866090712743 0.09083333333333334 0.2591792656587473 0.08166666666666667
0 0.3531317494600432 0.3125 0.2224622030237581 0.065
0 0.46112311015118795 0.33 0.17926565874730022 0.07333333333333333
0 0.6457883369330454 0.3075 0.18142548596112312 0.065
0 0.8369330453563716 0.3066666666666667 0.09719222462203024 0.08666666666666667
0 0.18466522678185746 0.5525 0.13606911447084233 0.10500000000000001
0 0.2991360691144709 0.5466666666666667 0.09719222462203024 0.09000000000000001
0 0.43412526997840173 0.5291666666666667 0.1857451403887689 0.058333333333333334
0 0.6598272138228942 0.54 0.2354211663066955 0.08333333333333334
0 0.1900647948164147 0.7558333333333334 0.1511879049676026 0.045000000000000005
0 0.4114470842332614 0.7716666666666667 0.2526997840172786 0.08333333333333334
0 0.6241900647948164 0.7616666666666667 0.13822894168466524 0.060000000000000005
