0 0.2991360691144709 0.07500000000000001 0.3563714902807776 0.05333333333333334
0 0.7041036717062635 0.08416666666666667 0.367170626349892 0.07500000000000001
0 0.8250539956803457 0.11916666666666667 0.08207343412526999 0.07166666666666667
0 0.3542116630669547 0.3141666666666667 0.2678185745140389 0.07833333333333334
0 0.591792656587473 0.31083333333333335 0.1857451403887689 0.06833333333333334
0 0.7807775377969763 0.3066666666666667 0.1533477321814255 0.05666666666666667
0 0.1922246220302376 0.53 0.16846652267818576 0.05333333333333334
0 0.3660907127429806 0.5308333333333334 0.2224622030237581 0.058333333333333334
0 0.6263498920086393 0.5458333333333334 0.2289416846652268 0.085
0 0.8099352051835854 0.5575 0.13390928725701945 0.10833333333333334
0 0.1717062634989201 0.7616666666666667 0.13174946004319654 0.06333333333333334
0 0.33153347732181426 0.7875000000000001 0.2699784017278618 0.11166666666666668
0 0.613390928725702 0.7625000000000001 0.2289416846652268 0.058333333333333334
