0 0.32181425485961124 0.08583333333333334 0.1468682505399568 0.07833333333333334
0 0.46652267818574517 0.09000000000000001 0.14254859611231102 0.08666666666666667
0 0.6090712742980562 0.08333333333333334 0.09935205183585313 0.07
0 0.7645788336933046 0.08333333333333334 0.224622030237581 0.06666666666666667
0 0.8326133909287258 0.11166666666666668 0.09719222462203024 0.04
0 0.1922246220302376 0.30333333333333334 0.16414686825053998 0.05333333333333334
0 0.3736501079913607 0.3166666666666667 0.17278617710583155 0.07666666666666667
0 0.6015118790496761 0.3091666666666667 0.1533477321814255 0.06166666666666667
0 0.7634989200863931 0.30333333333333334 0.16630669546436286 0.05
0 0.8434125269978402 0.3225 0.07991360691144708 0.03833333333333334
0 0.2580993520518359 0.5316666666666667 0.3088552915766739 0.060000000000000005
0 0.4600431965442765 0.5466666666666667 0.07775377969762419 0.09000000000000001
0 0.634989200863931 0.5383333333333333 0.19870410367170627 0.07333333333333333
0 0.8099352051835854 0.54 0.13822894168466524 0.08
0 0.5388768898488121 0.7733333333333334 0.07991360691144708 0.09000000000000001
0 0.6598272138228942 0.7575000000000001 0.11015118790496761 0.05166666666666667
0 0.7948164146868251 0.7566666666666667 0.15550755939524838 0.06666666666666667
