0 0.15982721382289417 0.0775 0.09071274298056156 0.055
0 0.24838012958963285 0.09666666666666668 0.07775377969762419 0.043333333333333335
0 0.36825053995680346 0.09833333333333334 0.30021598272138234 0.10666666666666667
0 0.7321814254859612 0.09833333333333334 0.27645788336933047 0.09666666666666668
0 0.18142548596112312 0.3125 0.1468682505399568 0.06833333333333334
0 0.31965442764578833 0.30583333333333335 0.09935205183585313 0.065
0 0.45896328293736505 0.305 0.14470842332613393 0.06666666666666667
0 0.6198704103671706 0.31083333333333335 0.12958963282937366 0.06833333333333334
0 0.8002159827213824 0.305 0.17926565874730022 0.060000000000000005
0 0.5064794816414687 0.5208333333333334 0.3088552915766739 0.035
0 0.20194384449244063 0.7641666666666667 0.18790496760259182 0.06833333333333334
0 0.41792656587473004 0.7633333333333334 0.20518358531317496 0.06666666666666667
0 0.7505399568034558 0.7641666666666667 0.17926565874730022 0.05166666666666667
