0 0.30129589632829373 0.08833333333333333 0.32613390928725705 0.08666666666666667
0 0.7170626349892009 0.08333333333333334 0.3844492440604752 0.06666666666666667
0 0.29265658747300216 0.315 0.3434125269978402 0.07333333333333333
0 0.7159827213822895 0.3125 0.38660907127429806 0.08166666666666667
0 0.1468682505399568 0.5275000000000001 0.11663066954643629 0.055
0 0.4211663066954644 0.5491666666666667 0.09503239740820735 0.058333333333333334
0 0.1533477321814255 0.6583333333333333 0.09071274298056156 0.06666666666666667
0 0.4190064794816415 0.6683333333333333 0.06479481641468683 0.07333333333333333
0 0.7105831533477323 0.5366666666666667 0.4103671706263499 0.06333333333333334
0 0.8174946004319655 0.5841666666666667 0.11015118790496761 0.055
0 0.183585313174946 0.7791666666666667 0.1857451403887689 0.09833333333333334
0 0.3736501079913607 0.7766666666666667 0.24190064794816415 0.08
0 0.6436285097192225 0.78 0.2634989200863931 0.09000000000000001
