0 0.15442764578833695 0.07833333333333334 0.13606911447084233 0.07333333333333333
0 0.3207343412526998 0.07833333333333334 0.20518358531317496 0.06333333333333334
0 0.8012958963282938 0.09416666666666668 0.19870410367170627 0.10500000000000001
0 0.7278617710583154 0.23 0.13390928725701945 0.06333333333333334
0 0.1695464362850972 0.3541666666666667 0.17062634989200864 0.165
0 0.4146868250539957 0.4666666666666667 0.15550755939524838 0.03666666666666667
0 0.5712742980561556 0.46166666666666667 0.12311015118790497 0.05333333333333334
0 0.6835853131749461 0.465 0.11879049676025918 0.04666666666666667
0 0.2224622030237581 0.68 0.13390928725701945 0.060000000000000005
0 0.8466522678185746 0.6050000000000001 0.06479481641468683 0.05333333333333334
0 0.32829373650107996 0.7733333333333334 0.10799136069114472 0.05666666666666667
