0 0.21490280777537799 0.09166666666666667 0.2526997840172786 0.09333333333333334
0 0.4146868250539957 0.09833333333333334 0.19438444924406048 0.10666666666666667
0 0.20518358531317496 0.12666666666666668 0.09503239740820735 0.04
0 0.6501079913606912 0.09666666666666668 0.2634989200863931 0.10333333333333335
0 0.8434125269978402 0.095 0.14902807775377971 0.1
0 0.2958963282937365 0.3358333333333334 0.4060475161987041 0.125
0 0.2937365010799136 0.3325 0.40172786177105835 0.12166666666666667
0 0.6252699784017279 0.32916666666666666 0.23974082073434128 0.11166666666666668
0 0.8174946004319655 0.3141666666666667 0.17926565874730022 0.085
0 0.2084233261339093 0.5475 0.2311015118790497 0.085
0 0.4049676025917927 0.5508333333333334 0.20518358531317496 0.095
0 0.6457883369330454 0.5441666666666667 0.24190064794816415 0.08166666666666667
0 0.8315334773218143 0.5683333333333334 0.15550755939524838 0.13333333333333333
0 0.2570194384449244 0.7816666666666667 0.3023758099352052 0.09333333333333334
0 0.43412526997840173 0.81 0.0734341252699784 0.05666666666666667
0 0.593952483801296 0.7791666666666667 0.20734341252699784 0.09166666666666667
0 0.796976241900648 0.765 0.13390928725701945 0.07666666666666667
