0 0.2786177105831534 0.10333333333333335 0.24190064794816415 0.11333333333333334
0 0.36501079913606915 0.22666666666666668 0.2591792656587473 0.06333333333333334
0 0.6058315334773219 0.08083333333333334 0.20086393088552917 0.07833333333333334
0 0.27105831533477326 0.32583333333333336 0.32613390928725705 0.10500000000000001
0 0.6382289416846653 0.3116666666666667 0.2354211663066955 0.08
0 0.7257019438444925 0.35833333333333334 0.20302375809935205 0.06666666666666667
0 0.1781857451403888 0.5383333333333333 0.14470842332613393 0.06666666666666667
0 0.3920086393088553 0.5441666666666667 0.14902807775377971 0.08166666666666667
0 0.7278617710583154 0.5466666666666667 0.3542116630669547 0.08333333333333334
0 0.18898488120950324 0.755 0.20086393088552917 0.05333333333333334
0 0.3898488120950324 0.7666666666666667 0.23974082073434128 0.06333333333333334
0 0.6490280777537797 0.7566666666666667 0.14038876889848814 0.04666666666666667
