0 0.2354211663066955 0.09166666666666667 0.24622030237580994 0.08666666666666667
0 0.6209503239740821 0.08916666666666667 0.20950323974082075 0.085
0 0.3088552915766739 0.32666666666666666 0.39740820734341253 0.11
0 0.593952483801296 0.3125 0.12095032397408208 0.07166666666666667
0 0.7721382289416847 0.31 0.23974082073434128 0.06666666666666667
0 0.8336933045356372 0.34 0.11663066954643629 0.06333333333333334
0 0.6414686825053996 0.54 0.28509719222462204 0.07
0 0.5388768898488121 0.56 0.0755939524838013 0.043333333333333335
0 0.37904967602591794 0.7616666666666667 0.2354211663066955 0.06666666666666667
0 0.6101511879049676 0.77 0.1922246220302376 0.08
0 0.7786177105831534 0.7808333333333334 0.17494600431965443 0.09833333333333334
0 0.6987041036717063 0.8233333333333334 0.05399568034557236 0.03333333333333333
0 0.7732181425485961 0.8083333333333333 0.06479481641468683 0.043333333333333335
0 0.8455723542116631 0.8075000000000001 0.08423326133909288 0.05166666666666667
