0 0.14470842332613393 0.07416666666666667 0.06911447084233262 0.05166666666666667
0 0.2904967602591793 0.07500000000000001 0.2267818574514039 0.05333333333333334
0 0.4600431965442765 0.08333333333333334 0.12958963282937366 0.07
0 0.15442764578833695 0.3141666666666667 0.10151187904967603 0.05166666666666667
0 0.23650107991360692 0.31 0.1144708423326134 0.06666666666666667
0 0.40172786177105835 0.305 0.20302375809935205 0.07333333333333333
0 0.623110151187905 0.08416666666666667 0.17494600431965443 0.065
0 0.796976241900648 0.07666666666666667 0.16414686825053998 0.05333333333333334
0 0.6252699784017279 0.3441666666666667 0.21382289416846653 0.15166666666666667
0 0.7861771058315336 0.3383333333333334 0.20302375809935205 0.12666666666666668
0 0.3304535637149028 0.5566666666666668 0.3801295896328294 0.11
0 0.603671706263499 0.5425 0.13606911447084233 0.08166666666666667
0 0.7818574514038877 0.5358333333333334 0.224622030237581 0.07500000000000001
0 0.3045356371490281 0.7658333333333334 0.38876889848812096 0.085
0 0.6339092872570194 0.7658333333333334 0.23974082073434128 0.07166666666666667
0 0.816414686825054 0.7558333333333334 0.10799136069114472 0.06166666666666667
