0 0.5259179265658748 0.07500000000000001 0.35205183585313177 0.05666666666666667
0 0.2634989200863931 0.3225 0.3412526997840173 0.06833333333333334
0 0.4103671706263499 0.3041666666666667 0.2289416846652268 0.058333333333333334
0 0.5993520518358532 0.3016666666666667 0.14902807775377971 0.05
0 0.7591792656587474 0.31083333333333335 0.2699784017278618 0.065
0 0.16414686825053998 0.5408333333333334 0.16846652267818576 0.07166666666666667
0 0.35853131749460043 0.545 0.23758099352051837 0.08
0 0.5885529157667387 0.5366666666666667 0.1533477321814255 0.05666666666666667
0 0.8045356371490281 0.5375000000000001 0.17494600431965443 0.07166666666666667
0 0.17494600431965443 0.7766666666666667 0.17278617710583155 0.08666666666666667
0 0.3596112311015119 0.7716666666666667 0.21814254859611232 0.08333333333333334
0 0.5971922246220303 0.7816666666666667 0.17062634989200864 0.1
