0 0.16630669546436286 0.08416666666666667 0.15550755939524838 0.08166666666666667
0 0.37041036717062636 0.0775 0.2311015118790497 0.065
0 0.7041036717062635 0.10250000000000001 0.3326133909287257 0.115
0 0.3801295896328294 0.3141666666666667 0.2548596112311015 0.07833333333333334
0 0.7138228941684666 0.30833333333333335 0.38660907127429806 0.07333333333333333
0 0.5896328293736501 0.37833333333333335 0.12095032397408208 0.06666666666666667
0 0.847732181425486 0.4466666666666667 0.10583153347732183 0.07666666666666667
0 0.1695464362850972 0.5508333333333334 0.16630669546436286 0.09166666666666667
0 0.36501079913606915 0.5383333333333333 0.2591792656587473 0.06666666666666667
0 0.4136069114470843 0.6816666666666668 0.16198704103671707 0.07333333333333333
0 0.6209503239740821 0.5391666666666667 0.2354211663066955 0.06833333333333334
0 0.8142548596112311 0.5441666666666667 0.18142548596112312 0.07833333333333334
0 0.3390928725701944 0.7775000000000001 0.32397408207343414 0.09166666666666667
0 0.6933045356371491 0.7591666666666668 0.31101511879049676 0.058333333333333334
