0 0.16846652267818576 0.07833333333333334 0.11663066954643629 0.060000000000000005
0 0.3596112311015119 0.08583333333333334 0.23974082073434128 0.07500000000000001
0 0.5971922246220303 0.08750000000000001 0.1965442764578834 0.07166666666666667
0 0.7937365010799137 0.08833333333333333 0.18790496760259182 0.08
0 0.22030237580993522 0.305 0.22030237580993522 0.06666666666666667
0 0.4006479481641469 0.31583333333333335 0.183585313174946 0.08166666666666667
0 0.5831533477321814 0.305 0.09935205183585313 0.060000000000000005
0 0.6835853131749461 0.31083333333333335 0.11015118790496761 0.06833333333333334
0 0.8045356371490281 0.3116666666666667 0.1533477321814255 0.06666666666666667
0 0.21490280777537799 0.5341666666666667 0.20518358531317496 0.065
0 0.4028077753779698 0.545 0.1922246220302376 0.08333333333333334
0 0.6317494600431965 0.5316666666666667 0.2311015118790497 0.060000000000000005
0 0.8207343412526998 0.5333333333333333 0.08207343412526999 0.07
0 0.27969762419006483 0.7575000000000001 0.3347732181425486 0.058333333333333334
0 0.6501079913606912 0.755 0.23758099352051837 0.05333333333333334
0 0.8218142548596112 0.7541666666666668 0.1144708423326134 0.058333333333333334
