0 0.224622030237581 0.07250000000000001 0.2289416846652268 0.05166666666666667
0 0.41576673866090713 0.06916666666666667 0.16630669546436286 0.04166666666666667
0 0.4233261339092873 0.10083333333333334 0.15550755939524838 0.055
0 0.6112311015118791 0.07333333333333333 0.19870410367170627 0.06333333333333334
0 0.8142548596112311 0.07583333333333334 0.1123110151187905 0.055
0 0.24406047516198706 0.30250000000000005 0.2678185745140389 0.05166666666666667
0 0.44276457883369336 0.3091666666666667 0.16414686825053998 0.07500000000000001
0 0.6609071274298056 0.31083333333333335 0.2548596112311015 0.058333333333333334
0 0.8272138228941686 0.31 0.11663066954643629 0.07333333333333333
0 0.16630669546436286 0.5333333333333333 0.1123110151187905 0.05666666666666667
0 0.2775377969762419 0.5316666666666667 0.12742980561555076 0.060000000000000005
0 0.42224622030237585 0.5341666666666667 0.15766738660907129 0.06166666666666667
0 0.6155507559395249 0.535 0.20302375809935205 0.060000000000000005
0 0.7980561555075595 0.5583333333333333 0.16198704103671707 0.10333333333333335
0 0.275377969762419 0.7641666666666667 0.3304535637149028 0.06166666666666667
0 0.38336933045356375 0.7791666666666667 0.183585313174946 0.045000000000000005
0 0.6166306695464363 0.7666666666666667 0.23974082073434128 0.06333333333333334
0 0.8056155507559396 0.7683333333333334 0.15550755939524838 0.07666666666666667
