0 0.2267818574514039 0.07666666666666667 0.23326133909287258 0.06666666666666667
0 0.4211663066954644 0.0775 0.16414686825053998 0.06833333333333334
0 0.6241900647948164 0.08666666666666667 0.21166306695464365 0.08
0 0.8077753779697625 0.09416666666666668 0.15550755939524838 0.09166666666666667
0 0.2526997840172786 0.35083333333333333 0.2807775377969763 0.15833333333333335
0 0.45464362850971923 0.3116666666666667 0.14902807775377971 0.08666666666666667
0 0.7019438444924406 0.31083333333333335 0.3326133909287257 0.07166666666666667
0 0.7494600431965444 0.3491666666666667 0.08207343412526999 0.04166666666666667
0 0.31317494600431967 0.5433333333333333 0.4060475161987041 0.08333333333333334
0 0.7105831533477323 0.5291666666666667 0.3542116630669547 0.06166666666666667
0 0.20086393088552917 0.7783333333333334 0.18142548596112312 0.1
0 0.4114470842332614 0.78 0.24406047516198706 0.1
0 0.8326133909287258 0.7633333333333334 0.13606911447084233 0.09000000000000001
