0 0.28293736501079914 0.07250000000000001 0.3455723542116631 0.05166666666666667
0 0.37257019438444927 0.09000000000000001 0.17062634989200864 0.05666666666666667
0 0.5766738660907128 0.06583333333333334 0.10367170626349892 0.03833333333333334
0 0.7397408207343413 0.0625 0.2224622030237581 0.03833333333333334
0 0.2354211663066955 0.2991666666666667 0.24622030237580994 0.06166666666666667
0 0.4125269978401728 0.30833333333333335 0.13822894168466524 0.07333333333333333
0 0.5853131749460043 0.29500000000000004 0.1900647948164147 0.05333333333333334
0 0.775377969762419 0.29833333333333334 0.20734341252699784 0.06666666666666667
0 0.30777537796976245 0.5358333333333334 0.38660907127429806 0.07833333333333334
0 0.6803455723542117 0.52 0.24190064794816415 0.043333333333333335
0 0.23434125269978404 0.7583333333333334 0.2526997840172786 0.060000000000000005
0 0.43304535637149033 0.755 0.1533477321814255 0.05333333333333334
0 0.593952483801296 0.7566666666666667 0.1511879049676026 0.060000000000000005
0 0.775377969762419 0.7808333333333334 0.224622030237581 0.10833333333333334
