0 0.3639308855291577 0.0975 0.2311015118790497 0.09833333333333334
0 0.685745140388769 0.09250000000000001 0.38660907127429806 0.085
0 0.224622030237581 0.31333333333333335 0.21166306695464365 0.08
0 0.42224622030237585 0.3116666666666667 0.21814254859611232 0.07333333333333333
0 0.6101511879049676 0.31 0.20086393088552917 0.07666666666666667
0 0.7980561555075595 0.29833333333333334 0.1533477321814255 0.05666666666666667
0 0.31533477321814257 0.5325000000000001 0.4060475161987041 0.06166666666666667
0 0.36285097192224625 0.5616666666666666 0.12526997840172788 0.04
0 0.7008639308855292 0.5333333333333333 0.3304535637149028 0.06333333333333334
0 0.23326133909287258 0.7541666666666668 0.23758099352051837 0.04166666666666667
0 0.4136069114470843 0.7533333333333334 0.14038876889848814 0.043333333333333335
0 0.6900647948164147 0.7491666666666668 0.3952483801295897 0.03833333333333334
