0 0.3552915766738661 0.07 0.28293736501079914 0.04666666666666667
0 0.6619870410367171 0.0675 0.2958963282937365 0.03833333333333334
0 0.2634989200863931 0.3066666666666667 0.306695464362851 0.07
0 0.6609071274298056 0.2941666666666667 0.2289416846652268 0.04833333333333334
0 0.17278617710583155 0.525 0.12958963282937366 0.060000000000000005
0 0.3174946004319655 0.525 0.11663066954643629 0.04666666666666667
0 0.296976241900648 0.7625000000000001 0.3822894168466523 0.08166666666666667
0 0.6025917926565875 0.78 0.18142548596112312 0.11333333333333334
0 0.7494600431965444 0.7858333333333334 0.09503239740820735 0.12833333333333335
0 0.8412526997840173 0.795 0.07991360691144708 0.14
