0 0.27969762419006483 0.08833333333333333 0.3390928725701944 0.08
0 0.4654427645788337 0.08583333333333334 0.13606911447084233 0.07500000000000001
0 0.17602591792656588 0.0975 0.12742980561555076 0.045000000000000005
0 0.27213822894168466 0.09083333333333334 0.08207343412526999 0.03166666666666667
0 0.6522678185745141 0.07583333333333334 0.21166306695464365 0.055
0 0.816414686825054 0.08916666666666667 0.12958963282937366 0.07833333333333334
0 0.173866090712743 0.30833333333333335 0.1144708423326134 0.07
0 0.39092872570194387 0.31 0.31965442764578833 0.08333333333333334
0 0.7321814254859612 0.29333333333333333 0.31965442764578833 0.04666666666666667
0 0.2958963282937365 0.53 0.3714902807775378 0.05666666666666667
0 0.5777537796976242 0.5258333333333334 0.13174946004319654 0.065
0 0.14470842332613393 0.7541666666666668 0.0734341252699784 0.04833333333333334
0 0.3045356371490281 0.7516666666666667 0.19870410367170627 0.04666666666666667
0 0.5118790496760259 0.7541666666666668 0.09935205183585313 0.06166666666666667
0 0.6587473002159827 0.755 0.21598272138228944 0.06333333333333334
0 0.8174946004319655 0.7475 0.13606911447084233 0.055
0 0.8347732181425487 0.7825000000000001 0.1144708423326134 0.055
