0 0.2699784017278618 0.0825 0.3023758099352052 0.07166666666666667
0 0.5237580993520519 0.09083333333333334 0.1922246220302376 0.09166666666666667
0 0.6889848812095033 0.08833333333333333 0.15550755939524838 0.09000000000000001
0 0.7278617710583154 0.24583333333333335 0.19870410367170627 0.035
0 0.22030237580993522 0.31833333333333336 0.1857451403887689 0.07
0 0.3898488120950324 0.31583333333333335 0.20086393088552917 0.07833333333333334
0 0.5971922246220303 0.3275 0.18790496760259182 0.10833333333333334
0 0.7311015118790497 0.31583333333333335 0.12311015118790497 0.08166666666666667
0 0.8315334773218143 0.31333333333333335 0.10799136069114472 0.08333333333333334
0 0.20302375809935205 0.5341666666666667 0.17710583153347734 0.06166666666666667
0 0.3509719222462203 0.54 0.14038876889848814 0.07333333333333333
0 0.4654427645788337 0.5358333333333334 0.06695464362850972 0.055
0 0.623110151187905 0.5375000000000001 0.21814254859611232 0.06833333333333334
0 0.8390928725701944 0.6891666666666667 0.09287257019438445 0.03833333333333334
0 0.7224622030237582 0.7566666666666667 0.2224622030237581 0.043333333333333335
0 0.6911447084233262 0.8550000000000001 0.22030237580993522 0.06666666666666667
