0 0.21166306695464365 0.08333333333333334 0.19870410367170627 0.08
0 0.4211663066954644 0.07 0.17710583153347734 0.05333333333333334
0 0.7742980561555076 0.08750000000000001 0.2224622030237581 0.08833333333333333
0 0.17926565874730022 0.315 0.12095032397408208 0.07666666666666667
0 0.22570194384449246 0.3383333333333334 0.14902807775377971 0.09000000000000001
0 0.5971922246220303 0.31833333333333336 0.24838012958963285 0.08666666666666667
0 0.8110151187904968 0.31833333333333336 0.1533477321814255 0.09000000000000001
0 0.1857451403887689 0.5316666666666667 0.1511879049676026 0.060000000000000005
0 0.367170626349892 0.5491666666666667 0.19870410367170627 0.095
0 0.6004319654427647 0.5383333333333333 0.22030237580993522 0.07
0 0.7904967602591794 0.5433333333333333 0.17278617710583155 0.07666666666666667
0 0.19330453563714903 0.7591666666666668 0.16198704103671707 0.058333333333333334
0 0.3844492440604752 0.7616666666666667 0.22030237580993522 0.06666666666666667
0 0.6069114470842333 0.7658333333333334 0.18142548596112312 0.06166666666666667
0 0.7980561555075595 0.7608333333333334 0.18790496760259182 0.055
