0 0.20734341252699784 0.10416666666666667 0.1857451403887689 0.11166666666666668
0 0.37580993520518363 0.08666666666666667 0.17710583153347734 0.07666666666666667
0 0.6360691144708424 0.085 0.17062634989200864 0.08333333333333334
0 0.7926565874730022 0.08416666666666667 0.1900647948164147 0.07500000000000001
0 0.816414686825054 0.3383333333333334 0.14254859611231102 0.13
0 0.7667386609071275 0.335 0.04319654427645789 0.04
0 0.4265658747300216 0.5508333333333334 0.17926565874730022 0.09833333333333334
0 0.6295896328293736 0.5491666666666667 0.20086393088552917 0.09166666666666667
0 0.8045356371490281 0.5408333333333334 0.16630669546436286 0.06833333333333334
0 0.8606911447084233 0.6108333333333333 0.04967602591792657 0.058333333333333334
0 0.3120950323974082 0.7641666666666667 0.1533477321814255 0.06166666666666667
0 0.5971922246220303 0.785 0.27429805615550756 0.10666666666666667
0 0.8120950323974082 0.7658333333333334 0.1511879049676026 0.06166666666666667
