0 0.1673866090712743 0.07333333333333333 0.14470842332613393 0.05666666666666667
0 0.3488120950323974 0.07833333333333334 0.2354211663066955 0.06666666666666667
0 0.7159827213822895 0.07833333333333334 0.347732181425486 0.060000000000000005
0 0.1468682505399568 0.34 0.10799136069114472 0.07
0 0.6738660907127431 0.3141666666666667 0.21598272138228944 0.08166666666666667
0 0.8412526997840173 0.3116666666666667 0.14038876889848814 0.07333333333333333
0 0.3347732181425486 0.5366666666666667 0.23758099352051837 0.06666666666666667
0 0.47732181425485964 0.5583333333333333 0.0734341252699784 0.11333333333333334
0 0.6360691144708424 0.54 0.21382289416846653 0.08
0 0.8218142548596112 0.5458333333333334 0.16198704103671707 0.085
0 0.132829373650108 0.745 0.08855291576673867 0.03666666666666667
0 0.23002159827213825 0.7683333333333334 0.1965442764578834 0.06666666666666667
0 0.4125269978401728 0.8125 0.16414686825053998 0.15166666666666667
0 0.7278617710583154 0.7608333333333334 0.1468682505399568 0.05166666666666667
0 0.8606911447084233 0.8083333333333333 0.08855291576673867 0.05333333333333334
