0 0.3660907127429806 0.08083333333333334 0.28293736501079914 0.07166666666666667
0 0.4470842332613391 0.23 0.12095032397408208 0.060000000000000005
0 0.634989200863931 0.10083333333333334 0.20734341252699784 0.10833333333333334
0 0.20086393088552917 0.31583333333333335 0.224622030237581 0.085
0 0.4632829373650108 0.3041666666666667 0.11879049676025918 0.058333333333333334
0 0.14038876889848814 0.5583333333333333 0.08639308855291578 0.09333333333333334
0 0.3326133909287257 0.5341666666666667 0.2807775377969763 0.06833333333333334
0 0.4352051835853132 0.5900000000000001 0.08423326133909288 0.07666666666666667
0 0.6652267818574514 0.5391666666666667 0.23758099352051837 0.06833333333333334
0 0.8596112311015119 0.5458333333333334 0.08639308855291578 0.08833333333333333
0 0.19546436285097193 0.7541666666666668 0.1922246220302376 0.04833333333333334
0 0.787257019438445 0.7591666666666668 0.2311015118790497 0.05166666666666667
