0 0.1673866090712743 0.0775 0.13174946004319654 0.06166666666666667
0 0.36285097192224625 0.08750000000000001 0.19438444924406048 0.085
0 0.6965442764578834 0.07916666666666668 0.13606911447084233 0.06833333333333334
0 0.8293736501079914 0.08333333333333334 0.15982721382289417 0.07666666666666667
0 0.2062634989200864 0.3091666666666667 0.17062634989200864 0.07166666666666667
0 0.38552915766738666 0.30333333333333334 0.17062634989200864 0.05666666666666667
0 0.5885529157667387 0.3125 0.1533477321814255 0.06833333333333334
0 0.7365010799136069 0.3116666666666667 0.1468682505399568 0.07333333333333333
0 0.5604751619870411 0.5525 0.10583153347732183 0.09166666666666667
0 0.7203023758099353 0.5533333333333333 0.21814254859611232 0.09000000000000001
0 0.857451403887689 0.5458333333333334 0.09071274298056156 0.07500000000000001
0 0.15550755939524838 0.77 0.12095032397408208 0.07333333333333333
0 0.32397408207343414 0.7633333333333334 0.1857451403887689 0.07
0 0.28725701943844495 0.9191666666666667 0.23758099352051837 0.055
0 0.603671706263499 0.7675000000000001 0.183585313174946 0.065
0 0.7937365010799137 0.7658333333333334 0.2224622030237581 0.058333333333333334
0 0.8617710583153348 0.9241666666666667 0.09071274298056156 0.055
