0 0.44060475161987045 0.09250000000000001 0.2289416846652268 0.10500000000000001
0 0.6501079913606912 0.09083333333333334 0.15550755939524838 0.09166666666666667
0 0.7742980561555076 0.08416666666666667 0.11015118790496761 0.08166666666666667
0 0.34233261339092874 0.31583333333333335 0.30021598272138234 0.08833333333333333
0 0.6835853131749461 0.3216666666666667 0.2699784017278618 0.09333333333333334
0 0.8520518358531318 0.44333333333333336 0.09719222462203024 0.07
0 0.25593952483801297 0.5391666666666667 0.2267818574514039 0.07500000000000001
0 0.7948164146868251 0.5408333333333334 0.224622030237581 0.07166666666666667
0 0.8531317494600432 0.5866666666666667 0.10799136069114472 0.04666666666666667
0 0.14794816414686826 0.765 0.10151187904967603 0.06666666666666667
0 0.3563714902807776 0.7591666666666668 0.15550755939524838 0.05166666666666667
