0 0.17278617710583155 0.08166666666666667 0.16414686825053998 0.07333333333333333
0 0.34449244060475165 0.07666666666666667 0.2224622030237581 0.07
0 0.591792656587473 0.09833333333333334 0.23758099352051837 0.10666666666666667
0 0.8045356371490281 0.21750000000000003 0.15766738660907129 0.055
0 0.1857451403887689 0.3175 0.1857451403887689 0.085
0 0.3736501079913607 0.31833333333333336 0.2289416846652268 0.08
0 0.5896328293736501 0.2991666666666667 0.15982721382289417 0.058333333333333334
0 0.7008639308855292 0.315 0.08855291576673867 0.08666666666666667
0 0.8250539956803457 0.3241666666666667 0.15982721382289417 0.09833333333333334
0 0.16090712742980562 0.5408333333333334 0.14902807775377971 0.07500000000000001
0 0.36069114470842334 0.5516666666666667 0.2678185745140389 0.09333333333333334
0 0.5863930885529158 0.5341666666666667 0.14470842332613393 0.06166666666666667
0 0.8023758099352052 0.5458333333333334 0.2311015118790497 0.07833333333333334
0 0.2267818574514039 0.7783333333333334 0.27645788336933047 0.09333333333333334
0 0.41792656587473004 0.7691666666666667 0.13606911447084233 0.06833333333333334
0 0.5842332613390929 0.7675000000000001 0.17926565874730022 0.065
0 0.7861771058315336 0.9183333333333334 0.2289416846652268 0.05333333333333334
