0 0.38120950323974084 0.09583333333333334 0.2267818574514039 0.095
0 0.7181425485961124 0.09083333333333334 0.32613390928725705 0.08833333333333333
0 0.22570194384449246 0.3225 0.2699784017278618 0.095
0 0.4244060475161987 0.31833333333333336 0.17494600431965443 0.09000000000000001
0 0.5928725701943844 0.31 0.14902807775377971 0.07666666666666667
0 0.7192224622030238 0.3075 0.12095032397408208 0.06833333333333334
0 0.8358531317494601 0.3175 0.16414686825053998 0.085
0 0.2062634989200864 0.7808333333333334 0.2311015118790497 0.095
0 0.3747300215982722 0.7941666666666667 0.12742980561555076 0.07166666666666667
0 0.6241900647948164 0.7741666666666667 0.19870410367170627 0.07500000000000001
0 0.806695464362851 0.7841666666666667 0.20518358531317496 0.095
