0 0.2840172786177106 0.08583333333333334 0.40388768898488125 0.085
0 0.42008639308855295 0.2316666666666667 0.14038876889848814 0.06333333333333334
0 0.6965442764578834 0.07666666666666667 0.3045356371490281 0.06333333333333334
0 0.7980561555075595 0.22083333333333335 0.21382289416846653 0.08833333333333333
0 0.20518358531317496 0.2966666666666667 0.19438444924406048 0.060000000000000005
0 0.4136069114470843 0.3016666666666667 0.14038876889848814 0.05
0 0.58207343412527 0.30833333333333335 0.21382289416846653 0.06333333333333334
0 0.7062634989200864 0.455 0.23326133909287258 0.06666666666666667
0 0.3963282937365011 0.5391666666666667 0.13174946004319654 0.08166666666666667
0 0.7775377969762419 0.5441666666666667 0.2634989200863931 0.07833333333333334
0 0.7073434125269978 0.6875 0.408207343412527 0.055
0 0.32937365010799136 0.76 0.2915766738660907 0.05333333333333334
0 0.41576673866090713 0.915 0.183585313174946 0.06666666666666667
0 0.7170626349892009 0.775 0.367170626349892 0.08333333333333334
