0 0.18466522678185746 0.08666666666666667 0.1965442764578834 0.09666666666666668
0 0.35205183585313177 0.09250000000000001 0.13822894168466524 0.095
0 0.7019438444924406 0.08166666666666667 0.39740820734341253 0.06666666666666667
0 0.8531317494600432 0.12333333333333334 0.09503239740820735 0.07
0 0.28509719222462204 0.3066666666666667 0.3801295896328294 0.06333333333333334
0 0.6090712742980562 0.325 0.24190064794816415 0.10333333333333335
0 0.826133909287257 0.3075 0.16630669546436286 0.06833333333333334
0 0.8606911447084233 0.35083333333333333 0.07127429805615551 0.058333333333333334
0 0.1900647948164147 0.5541666666666667 0.20734341252699784 0.10500000000000001
0 0.3801295896328294 0.555 0.21598272138228944 0.1
0 0.43304535637149033 0.5900000000000001 0.10583153347732183 0.06666666666666667
0 0.634989200863931 0.5491666666666667 0.2678185745140389 0.08833333333333333
0 0.8293736501079914 0.545 0.1511879049676026 0.07666666666666667
0 0.8768898488120951 0.5816666666666667 0.06479481641468683 0.03666666666666667
0 0.8531317494600432 0.6108333333333333 0.07775377969762419 0.035
0 0.45896328293736505 0.7666666666666667 0.2526997840172786 0.07666666666666667
