0 0.47948164146868255 0.09083333333333334 0.2634989200863931 0.08833333333333333
0 0.7354211663066955 0.2325 0.347732181425486 0.065
0 0.29481641468682507 0.3116666666666667 0.408207343412527 0.08
0 0.6209503239740821 0.3191666666666667 0.21382289416846653 0.09166666666666667
0 0.8099352051835854 0.32 0.1900647948164147 0.08666666666666667
0 0.18790496760259182 0.5650000000000001 0.19438444924406048 0.12000000000000001
0 0.4146868250539957 0.5525 0.1900647948164147 0.09166666666666667
0 0.7192224622030238 0.5683333333333334 0.3801295896328294 0.12666666666666668
0 0.15766738660907129 0.775 0.12958963282937366 0.09000000000000001
0 0.2840172786177106 0.7766666666666667 0.1533477321814255 0.08666666666666667
0 0.4114470842332614 0.7866666666666667 0.14470842332613393 0.10333333333333335
0 0.8326133909287258 0.7741666666666667 0.14038876889848814 0.07166666666666667
