0 0.183585313174946 0.09916666666666667 0.1900647948164147 0.10500000000000001
0 0.42224622030237585 0.07500000000000001 0.183585313174946 0.060000000000000005
0 0.6047516198704104 0.0825 0.15550755939524838 0.085
0 0.19978401727861772 0.3041666666666667 0.2224622030237581 0.06833333333333334
0 0.3747300215982722 0.31583333333333335 0.24406047516198706 0.08166666666666667
0 0.3801295896328294 0.3825 0.047516198704103674 0.028333333333333335
0 0.6382289416846653 0.3825 0.17062634989200864 0.07166666666666667
0 0.38660907127429806 0.5516666666666667 0.20734341252699784 0.1
0 0.5604751619870411 0.5325000000000001 0.09719222462203024 0.055
0 0.7937365010799137 0.5583333333333333 0.2311015118790497 0.10666666666666667
0 0.23218142548596113 0.7708333333333334 0.28293736501079914 0.08166666666666667
0 0.5745140388768899 0.7675000000000001 0.15550755939524838 0.07500000000000001
0 0.6997840172786177 0.7675000000000001 0.10799136069114472 0.07500000000000001
0 0.8293736501079914 0.7716666666666667 0.16846652267818576 0.07333333333333333
