0 0.2937365010799136 0.08333333333333334 0.35853131749460043 0.07333333333333333
0 0.6155507559395249 0.08166666666666667 0.21598272138228944 0.07333333333333333
0 0.806695464362851 0.085 0.18790496760259182 0.08
0 0.20194384449244063 0.30333333333333334 0.2267818574514039 0.060000000000000005
0 0.613390928725702 0.30333333333333334 0.2548596112311015 0.06333333333333334
0 0.8326133909287258 0.44583333333333336 0.13606911447084233 0.07833333333333334
0 0.30129589632829373 0.55 0.2958963282937365 0.09000000000000001
0 0.6576673866090713 0.53 0.23974082073434128 0.05
0 0.8520518358531318 0.5433333333333333 0.12742980561555076 0.08
0 0.14146868250539957 0.7708333333333334 0.11879049676025918 0.07833333333333334
0 0.2494600431965443 0.7816666666666667 0.12311015118790497 0.09333333333333334
0 0.39092872570194387 0.7733333333333334 0.1900647948164147 0.07666666666666667
0 0.5593952483801297 0.7658333333333334 0.09503239740820735 0.058333333333333334
0 0.7764578833693305 0.7641666666666667 0.26133909287257023 0.065
