0 0.1393088552915767 0.0775 0.11015118790496761 0.06833333333333334
0 0.275377969762419 0.08 0.14902807775377971 0.07333333333333333
0 0.3596112311015119 0.22583333333333336 0.2311015118790497 0.07833333333333334
0 0.7764578833693305 0.07416666666666667 0.2786177105831534 0.058333333333333334
0 0.3963282937365011 0.3275 0.183585313174946 0.10833333333333334
0 0.6339092872570194 0.3066666666666667 0.23974082073434128 0.07
0 0.8552915766738661 0.46416666666666667 0.09935205183585313 0.055
0 0.16198704103671707 0.5666666666666667 0.1468682505399568 0.12333333333333334
0 0.21922246220302377 0.5958333333333333 0.20518358531317496 0.095
0 0.7926565874730022 0.545 0.21598272138228944 0.09000000000000001
0 0.5755939524838013 0.6916666666666668 0.13174946004319654 0.05666666666666667
0 0.30561555075593955 0.7566666666666667 0.347732181425486 0.05666666666666667
0 0.4006479481641469 0.8075000000000001 0.1533477321814255 0.045000000000000005
0 0.6835853131749461 0.7608333333333334 0.2267818574514039 0.06166666666666667
0 0.8455723542116631 0.9266666666666667 0.12311015118790497 0.04666666666666667
