0 0.5831533477321814 0.11750000000000001 0.24622030237580994 0.15166666666666667
0 0.7980561555075595 0.10333333333333335 0.20950323974082075 0.11666666666666667
0 0.2699784017278618 0.5325000000000001 0.12526997840172788 0.065
0 0.39740820734341253 0.5441666666666667 0.17710583153347734 0.08166666666666667
0 0.6393088552915767 0.5633333333333334 0.27645788336933047 0.11
0 0.8315334773218143 0.5541666666666667 0.13822894168466524 0.085
0 0.1781857451403888 0.7775000000000001 0.17494600431965443 0.10500000000000001
0 0.36069114470842334 0.7783333333333334 0.23326133909287258 0.09333333333333334
0 0.5907127429805616 0.77 0.1922246220302376 0.08
0 0.7624190064794817 0.7608333333333334 0.17278617710583155 0.058333333333333334
