0 0.2732181425485961 0.08416666666666667 0.265658747300216 0.08166666666666667
0 0.4632829373650108 0.085 0.1144708423326134 0.07666666666666667
0 0.6414686825053996 0.08083333333333334 0.20734341252699784 0.07833333333333334
0 0.8196544276457884 0.08416666666666667 0.17926565874730022 0.08166666666666667
0 0.16198704103671707 0.30333333333333334 0.1468682505399568 0.05333333333333334
0 0.3714902807775378 0.30833333333333335 0.24622030237580994 0.06333333333333334
0 0.5993520518358532 0.34750000000000003 0.1922246220302376 0.15833333333333335
0 0.7786177105831534 0.3166666666666667 0.26133909287257023 0.08666666666666667
0 0.22786177105831534 0.5466666666666667 0.265658747300216 0.08333333333333334
0 0.44060475161987045 0.5408333333333334 0.1857451403887689 0.06833333333333334
0 0.6187904967602592 0.5391666666666667 0.1533477321814255 0.07500000000000001
0 0.20302375809935205 0.7741666666666667 0.23326133909287258 0.08833333333333333
0 0.3930885529157668 0.7783333333333334 0.1857451403887689 0.09333333333333334
0 0.6295896328293736 0.7766666666666667 0.265658747300216 0.09000000000000001
0 0.8315334773218143 0.7675000000000001 0.15550755939524838 0.07166666666666667
