0 0.1533477321814255 0.07916666666666668 0.14254859611231102 0.06166666666666667
0 0.3563714902807776 0.09250000000000001 0.28509719222462204 0.09833333333333334
0 0.6468682505399569 0.08833333333333333 0.2570194384449244 0.09333333333333334
0 0.6123110151187905 0.23333333333333334 0.18790496760259182 0.05
0 0.1781857451403888 0.30250000000000005 0.1922246220302376 0.058333333333333334
0 0.21274298056155508 0.4666666666666667 0.26133909287257023 0.04666666666666667
0 0.7041036717062635 0.32583333333333336 0.3714902807775378 0.10833333333333334
0 0.224622030237581 0.5416666666666667 0.2807775377969763 0.08
0 0.2937365010799136 0.6825 0.1511879049676026 0.065
0 0.49352051835853133 0.54 0.21382289416846653 0.07
0 0.787257019438445 0.765 0.16630669546436286 0.07
0 0.8682505399568035 0.8041666666666667 0.047516198704103674 0.07166666666666667
