0 0.17926565874730022 0.095 0.1900647948164147 0.09333333333333334
0 0.36501079913606915 0.07666666666666667 0.21598272138228944 0.07
0 0.5518358531317495 0.09833333333333334 0.12742980561555076 0.1
0 0.7494600431965444 0.08833333333333333 0.2937365010799136 0.09333333333333334
0 0.32937365010799136 0.32333333333333336 0.2224622030237581 0.10333333333333335
0 0.4136069114470843 0.47000000000000003 0.13174946004319654 0.03333333333333333
0 0.5788336933045357 0.33333333333333337 0.14254859611231102 0.11666666666666667
0 0.7634989200863931 0.33166666666666667 0.20950323974082075 0.11
0 0.1781857451403888 0.5391666666666667 0.17494600431965443 0.06833333333333334
0 0.3844492440604752 0.5433333333333333 0.21166306695464365 0.08666666666666667
0 0.7073434125269978 0.5383333333333333 0.265658747300216 0.06666666666666667
0 0.5809935205183586 0.7733333333333334 0.23326133909287258 0.07666666666666667
