0 0.1922246220302376 0.06833333333333334 0.12958963282937366 0.05333333333333334
0 0.3228941684665227 0.07583333333333334 0.17926565874730022 0.05166666666666667
0 0.591792656587473 0.08 0.15982721382289417 0.07
0 0.7861771058315336 0.0775 0.25053995680345575 0.065
0 0.2818574514038877 0.3175 0.3779697624190065 0.095
0 0.550755939524838 0.31333333333333335 0.14254859611231102 0.07666666666666667
0 0.7257019438444925 0.315 0.34989200863930886 0.08
0 0.17278617710583155 0.5491666666666667 0.1511879049676026 0.095
0 0.36501079913606915 0.545 0.28509719222462204 0.08333333333333334
0 0.7138228941684666 0.5433333333333333 0.3952483801295897 0.08666666666666667
0 0.29805615550755943 0.7808333333333334 0.3844492440604752 0.10166666666666667
0 0.6457883369330454 0.7708333333333334 0.27645788336933047 0.085
