0 0.1717062634989201 0.0825 0.16630669546436286 0.08166666666666667
0 0.37257019438444927 0.09166666666666667 0.265658747300216 0.08666666666666667
0 0.3390928725701944 0.31333333333333335 0.3023758099352052 0.07333333333333333
0 0.30021598272138234 0.36333333333333334 0.1468682505399568 0.060000000000000005
0 0.6079913606911448 0.31583333333333335 0.1965442764578834 0.07833333333333334
0 0.7948164146868251 0.31333333333333335 0.22030237580993522 0.08666666666666667
0 0.275377969762419 0.5408333333333334 0.3434125269978402 0.07833333333333334
0 0.5442764578833693 0.5458333333333334 0.12958963282937366 0.10166666666666667
0 0.17494600431965443 0.7741666666666667 0.16414686825053998 0.08166666666666667
0 0.3714902807775378 0.7683333333333334 0.2591792656587473 0.06666666666666667
0 0.632829373650108 0.7633333333333334 0.25053995680345575 0.06333333333333334
0 0.8250539956803457 0.7691666666666667 0.16414686825053998 0.08166666666666667
