0 0.21706263498920086 0.07166666666666667 0.11879049676025918 0.05333333333333334
0 0.39092872570194387 0.07666666666666667 0.23758099352051837 0.07
0 0.480561555075594 0.12166666666666667 0.07991360691144708 0.07333333333333333
0 0.6112311015118791 0.08166666666666667 0.1468682505399568 0.07666666666666667
0 0.7894168466522679 0.08666666666666667 0.16198704103671707 0.08666666666666667
0 0.13714902807775378 0.3191666666666667 0.08423326133909288 0.06833333333333334
0 0.338012958963283 0.30833333333333335 0.31317494600431967 0.05666666666666667
0 0.4622030237580994 0.34500000000000003 0.1123110151187905 0.043333333333333335
0 0.6177105831533478 0.3066666666666667 0.08207343412526999 0.043333333333333335
0 0.8142548596112311 0.305 0.08639308855291578 0.04
0 0.4049676025917927 0.5433333333333333 0.27429805615550756 0.07
0 0.8207343412526998 0.5333333333333333 0.1123110151187905 0.05666666666666667
0 0.12958963282937366 0.7808333333333334 0.08207343412526999 0.07166666666666667
0 0.23974082073434128 0.7858333333333334 0.16414686825053998 0.10833333333333334
0 0.4060475161987041 0.7741666666666667 0.14254859611231102 0.085
0 0.5356371490280778 0.785 0.09071274298056156 0.10666666666666667
0 0.7019438444924406 0.7841666666666667 0.1900647948164147 0.10500000000000001
0 0.8498920086393089 0.7783333333333334 0.10151187904967603 0.08666666666666667
