0 0.40928725701943847 0.10250000000000001 0.14470842332613393 0.065
0 0.5799136069114471 0.09833333333333334 0.13174946004319654 0.08666666666666667
0 0.15766738660907129 0.3091666666666667 0.09503239740820735 0.058333333333333334
0 0.15010799136069117 0.3116666666666667 0.0755939524838013 0.060000000000000005
0 0.36285097192224625 0.315 0.31533477321814257 0.08
0 0.58207343412527 0.29833333333333334 0.10151187904967603 0.05
0 0.7699784017278618 0.3125 0.24406047516198706 0.07833333333333334
0 0.1922246220302376 0.5325000000000001 0.19870410367170627 0.06166666666666667
0 0.3736501079913607 0.5358333333333334 0.1123110151187905 0.07166666666666667
0 0.49784017278617715 0.5383333333333333 0.12311015118790497 0.07333333333333333
0 0.8250539956803457 0.5466666666666667 0.15982721382289417 0.09000000000000001
0 0.2699784017278618 0.765 0.2591792656587473 0.08333333333333334
0 0.17278617710583155 0.8058333333333334 0.0734341252699784 0.045000000000000005
0 0.4838012958963283 0.775 0.14254859611231102 0.09333333333333334
0 0.6285097192224622 0.765 0.18142548596112312 0.07666666666666667
0 0.8218142548596112 0.7766666666666667 0.16630669546436286 0.09666666666666668
