0 0.26889848812095035 0.0975 0.3390928725701944 0.10500000000000001
0 0.48704103671706267 0.07500000000000001 0.10583153347732183 0.060000000000000005
0 0.6112311015118791 0.09666666666666668 0.12095032397408208 0.09666666666666668
0 0.7796976241900648 0.08583333333333334 0.24622030237580994 0.07833333333333334
0 0.2548596112311015 0.3116666666666667 0.31965442764578833 0.07
0 0.47300215982721383 0.32083333333333336 0.10367170626349892 0.065
0 0.6155507559395249 0.3166666666666667 0.16414686825053998 0.07666666666666667
0 0.8153347732181426 0.32 0.17926565874730022 0.08333333333333334
0 0.21274298056155508 0.5491666666666667 0.2354211663066955 0.095
0 0.4125269978401728 0.5366666666666667 0.13822894168466524 0.06666666666666667
0 0.765658747300216 0.5391666666666667 0.27429805615550756 0.07833333333333334
0 0.21166306695464365 0.7716666666666667 0.19870410367170627 0.07666666666666667
0 0.5021598272138229 0.7883333333333333 0.0755939524838013 0.04
