0 0.275377969762419 0.08583333333333334 0.32613390928725705 0.07833333333333334
0 0.5334773218142549 0.07333333333333333 0.10367170626349892 0.05666666666666667
0 0.676025917926566 0.08333333333333334 0.17278617710583155 0.07
0 0.8250539956803457 0.09333333333333334 0.13390928725701945 0.09666666666666668
0 0.17494600431965443 0.31 0.12526997840172788 0.07333333333333333
0 0.32937365010799136 0.30833333333333335 0.27429805615550756 0.08
0 0.562634989200864 0.315 0.07991360691144708 0.08
0 0.6501079913606912 0.32 0.1468682505399568 0.08666666666666667
0 0.8023758099352052 0.32833333333333337 0.17062634989200864 0.10666666666666667
0 0.1900647948164147 0.5358333333333334 0.16414686825053998 0.06833333333333334
0 0.45464362850971923 0.5408333333333334 0.3347732181425486 0.07833333333333334
0 0.7624190064794817 0.5366666666666667 0.24190064794816415 0.07333333333333333
0 0.16630669546436286 0.7716666666666667 0.10799136069114472 0.08666666666666667
0 0.34989200863930886 0.765 0.28941684665226786 0.08666666666666667
0 0.5691144708423327 0.7658333333333334 0.11879049676025918 0.08166666666666667
0 0.6814254859611232 0.7641666666666667 0.11879049676025918 0.07500000000000001
0 0.8174946004319655 0.7616666666666667 0.15766738660907129 0.06666666666666667
