0 0.18466522678185746 0.10666666666666667 0.14902807775377971 0.11666666666666667
0 0.3779697624190065 0.09083333333333334 0.24190064794816415 0.08166666666666667
0 0.6479481641468683 0.08333333333333334 0.28941684665226786 0.07666666666666667
0 0.8088552915766739 0.0825 0.15766738660907129 0.07166666666666667
0 0.1717062634989201 0.3016666666666667 0.13606911447084233 0.05333333333333334
0 0.35745140388768903 0.305 0.16198704103671707 0.060000000000000005
0 0.5248380129589633 0.3091666666666667 0.13822894168466524 0.07833333333333334
0 0.6695464362850972 0.30583333333333335 0.14254859611231102 0.06166666666666667
0 0.8412526997840173 0.3075 0.041036717062634995 0.028333333333333335
0 0.3542116630669547 0.5266666666666667 0.2289416846652268 0.04666666666666667
0 0.5604751619870411 0.5375000000000001 0.11879049676025918 0.06833333333333334
0 0.7505399568034558 0.5375000000000001 0.2267818574514039 0.07833333333333334
0 0.19870410367170627 0.7658333333333334 0.17710583153347734 0.07166666666666667
0 0.38876889848812096 0.7675000000000001 0.20302375809935205 0.08166666666666667
0 0.634989200863931 0.745 0.24622030237580994 0.04
0 0.6241900647948164 0.7983333333333333 0.21598272138228944 0.06666666666666667
