0 0.2904967602591793 0.0775 0.35205183585313177 0.06166666666666667
0 0.7570194384449245 0.09166666666666667 0.265658747300216 0.09333333333333334
0 0.31857451403887693 0.31083333333333335 0.4168466522678186 0.085
0 0.4416846652267819 0.35250000000000004 0.11015118790496761 0.065
0 0.5874730021598272 0.30333333333333334 0.08207343412526999 0.07
0 0.6652267818574514 0.30333333333333334 0.10367170626349892 0.07
0 0.796976241900648 0.3216666666666667 0.1857451403887689 0.11333333333333334
0 0.20518358531317496 0.5341666666666667 0.19438444924406048 0.07833333333333334
0 0.6576673866090713 0.5266666666666667 0.28725701943844495 0.06333333333333334
0 0.8315334773218143 0.5258333333333334 0.09503239740820735 0.065
0 0.19978401727861772 0.7583333333333334 0.183585313174946 0.07333333333333333
0 0.4125269978401728 0.7633333333333334 0.24190064794816415 0.08333333333333334
0 0.4686825053995681 0.7933333333333333 0.16414686825053998 0.07
0 0.623110151187905 0.7691666666666667 0.14470842332613393 0.09166666666666667
0 0.7904967602591794 0.775 0.1857451403887689 0.10333333333333335
