0 0.29805615550755943 0.07416666666666667 0.32829373650107996 0.055
0 0.5518358531317495 0.08333333333333334 0.1144708423326134 0.060000000000000005
0 0.7699784017278618 0.07500000000000001 0.24838012958963285 0.05333333333333334
0 0.23650107991360692 0.31 0.2526997840172786 0.07333333333333333
0 0.46436285097192226 0.3075 0.15550755939524838 0.065
0 0.7170626349892009 0.31583333333333335 0.34989200863930886 0.085
0 0.224622030237581 0.5391666666666667 0.2289416846652268 0.065
0 0.4319654427645789 0.5408333333333334 0.1857451403887689 0.07166666666666667
0 0.6339092872570194 0.5433333333333333 0.1922246220302376 0.07666666666666667
0 0.8056155507559396 0.5316666666666667 0.16414686825053998 0.060000000000000005
0 0.23218142548596113 0.7641666666666667 0.2526997840172786 0.07166666666666667
0 0.4244060475161987 0.7541666666666668 0.11015118790496761 0.05166666666666667
0 0.5907127429805616 0.7541666666666668 0.1965442764578834 0.045000000000000005
0 0.7840172786177106 0.7683333333333334 0.20734341252699784 0.08
