0 0.2775377969762419 0.08166666666666667 0.3347732181425486 0.07
0 0.7073434125269978 0.07833333333333334 0.36501079913606915 0.060000000000000005
0 0.17602591792656588 0.3216666666666667 0.11879049676025918 0.09333333333333334
0 0.37257019438444927 0.29750000000000004 0.265658747300216 0.045000000000000005
0 0.44060475161987045 0.3491666666666667 0.1468682505399568 0.06833333333333334
0 0.6285097192224622 0.32333333333333336 0.17710583153347734 0.09333333333333334
0 0.7937365010799137 0.3225 0.1965442764578834 0.09166666666666667
0 0.2818574514038877 0.5358333333333334 0.35205183585313177 0.065
0 0.6425485961123111 0.5333333333333333 0.36501079913606915 0.060000000000000005
0 0.8466522678185746 0.53 0.08207343412526999 0.060000000000000005
0 0.7365010799136069 0.7733333333333334 0.16414686825053998 0.08333333333333334
