0 0.3045356371490281 0.085 0.39740820734341253 0.07
0 0.4060475161987041 0.125 0.224622030237581 0.060000000000000005
0 0.7084233261339093 0.0975 0.33693304535637153 0.10166666666666667
0 0.29805615550755943 0.32333333333333336 0.37580993520518363 0.09000000000000001
0 0.6069114470842333 0.3216666666666667 0.2289416846652268 0.09000000000000001
0 0.8466522678185746 0.3425 0.07775377969762419 0.095
0 0.23974082073434128 0.5341666666666667 0.2591792656587473 0.06833333333333334
0 0.572354211663067 0.5383333333333333 0.19438444924406048 0.06666666666666667
0 0.7494600431965444 0.5491666666666667 0.08639308855291578 0.095
0 0.8455723542116631 0.5508333333333334 0.06695464362850972 0.10166666666666667
0 0.3488120950323974 0.7708333333333334 0.23974082073434128 0.07833333333333334
0 0.695464362850972 0.7525000000000001 0.3930885529157668 0.045000000000000005
