0 0.338012958963283 0.08583333333333334 0.2786177105831534 0.07500000000000001
0 0.17278617710583155 0.3091666666666667 0.13390928725701945 0.065
0 0.3876889848812095 0.31 0.2786177105831534 0.06666666666666667
0 0.5064794816414687 0.3516666666666667 0.06695464362850972 0.07333333333333333
0 0.6576673866090713 0.325 0.1922246220302376 0.1
0 0.8099352051835854 0.3175 0.13822894168466524 0.08833333333333333
0 0.31857451403887693 0.525 0.4211663066954644 0.04666666666666667
0 0.654427645788337 0.5308333333333334 0.24190064794816415 0.06166666666666667
0 0.21706263498920086 0.7608333333333334 0.2224622030237581 0.058333333333333334
0 0.4244060475161987 0.765 0.1965442764578834 0.07333333333333333
0 0.7829373650107991 0.7683333333333334 0.20518358531317496 0.08
