0 0.27213822894168466 0.07500000000000001 0.3412526997840173 0.05666666666666667
0 0.4006479481641469 0.085 0.0755939524838013 0.04
0 0.13822894168466524 0.10833333333333334 0.05615550755939525 0.06666666666666667
0 0.15874730021598274 0.12416666666666668 0.05399568034557236 0.03833333333333334
0 0.1965442764578834 0.1 0.05183585313174946 0.03333333333333333
0 0.5863930885529158 0.08583333333333334 0.14902807775377971 0.07833333333333334
0 0.775377969762419 0.08333333333333334 0.224622030237581 0.07333333333333333
0 0.22138228941684668 0.30250000000000005 0.2267818574514039 0.065
0 0.4136069114470843 0.305 0.17062634989200864 0.060000000000000005
0 0.7030237580993521 0.3041666666666667 0.3434125269978402 0.065
0 0.2473002159827214 0.5616666666666666 0.27429805615550756 0.12000000000000001
0 0.6965442764578834 0.54 0.36501079913606915 0.08
0 0.2267818574514039 0.765 0.24190064794816415 0.08
0 0.42764578833693306 0.7691666666666667 0.17710583153347734 0.08166666666666667
0 0.6609071274298056 0.7883333333333333 0.2548596112311015 0.12000000000000001
0 0.8390928725701944 0.7625000000000001 0.09287257019438445 0.065
