0 0.36285097192224625 0.09000000000000001 0.2289416846652268 0.08333333333333334
0 0.6900647948164147 0.08333333333333334 0.3822894168466523 0.07
0 0.26133909287257023 0.31333333333333335 0.306695464362851 0.08333333333333334
0 0.4524838012958964 0.3125 0.09719222462203024 0.07833333333333334
0 0.6198704103671706 0.3066666666666667 0.19870410367170627 0.07
0 0.8045356371490281 0.29250000000000004 0.16630669546436286 0.045000000000000005
0 0.8596112311015119 0.3275 0.05615550755939525 0.045000000000000005
0 0.21166306695464365 0.545 0.20302375809935205 0.09333333333333334
0 0.3023758099352052 0.5383333333333333 0.25053995680345575 0.07333333333333333
0 0.5086393088552916 0.5308333333333334 0.16630669546436286 0.065
0 0.724622030237581 0.5491666666666667 0.265658747300216 0.09166666666666667
0 0.27645788336933047 0.7691666666666667 0.3412526997840173 0.09166666666666667
0 0.519438444924406 0.7683333333333334 0.12742980561555076 0.09333333333333334
0 0.6587473002159827 0.7516666666666667 0.08639308855291578 0.04666666666666667
0 0.8088552915766739 0.7533333333333334 0.11879049676025918 0.05666666666666667
