0 0.224622030237581 0.08416666666666667 0.23326133909287258 0.07833333333333334
0 0.4114470842332614 0.09250000000000001 0.12311015118790497 0.08166666666666667
0 0.5593952483801297 0.07500000000000001 0.13822894168466524 0.05333333333333334
0 0.6555075593952484 0.08750000000000001 0.08423326133909288 0.03833333333333334
0 0.7915766738660908 0.08083333333333334 0.1922246220302376 0.07833333333333334
0 0.1468682505399568 0.3216666666666667 0.08639308855291578 0.09333333333333334
0 0.3542116630669547 0.3191666666666667 0.2937365010799136 0.08833333333333333
0 0.603671706263499 0.3075 0.18790496760259182 0.06833333333333334
0 0.8034557235421167 0.30250000000000005 0.15982721382289417 0.065
0 0.676025917926566 0.5333333333333333 0.33693304535637153 0.06666666666666667
0 0.28725701943844495 0.7575000000000001 0.35853131749460043 0.04833333333333334
0 0.24406047516198706 0.7925000000000001 0.2634989200863931 0.06833333333333334
0 0.7948164146868251 0.7475 0.17710583153347734 0.03166666666666667
