0 0.28941684665226786 0.08333333333333334 0.367170626349892 0.07666666666666667
0 0.6198704103671706 0.07833333333333334 0.16846652267818576 0.06666666666666667
0 0.7807775377969763 0.08583333333333334 0.16630669546436286 0.085
0 0.19870410367170627 0.3166666666666667 0.1857451403887689 0.07333333333333333
0 0.3801295896328294 0.315 0.1857451403887689 0.08
0 0.5637149028077754 0.3116666666666667 0.12958963282937366 0.07333333333333333
0 0.8401727861771059 0.30833333333333335 0.09071274298056156 0.06666666666666667
0 0.1900647948164147 0.5325000000000001 0.17278617710583155 0.06166666666666667
0 0.38120950323974084 0.535 0.21382289416846653 0.06666666666666667
0 0.17494600431965443 0.7608333333333334 0.07775377969762419 0.055
0 0.3596112311015119 0.7683333333333334 0.2354211663066955 0.07666666666666667
