0 0.20518358531317496 0.07916666666666668 0.20734341252699784 0.07166666666666667
0 0.4557235421166307 0.07583333333333334 0.12095032397408208 0.06166666666666667
0 0.6263498920086393 0.07416666666666667 0.1857451403887689 0.065
0 0.8045356371490281 0.07 0.14038876889848814 0.060000000000000005
0 0.21274298056155508 0.3216666666666667 0.2224622030237581 0.09333333333333334
0 0.40928725701943847 0.30583333333333335 0.17926565874730022 0.06166666666666667
0 0.5701943844492441 0.3091666666666667 0.11663066954643629 0.06166666666666667
0 0.7483801295896328 0.3075 0.2224622030237581 0.07166666666666667
0 0.7203023758099353 0.36583333333333334 0.11015118790496761 0.065
0 0.8552915766738661 0.36583333333333334 0.0734341252699784 0.058333333333333334
0 0.2732181425485961 0.5416666666666667 0.3390928725701944 0.08
0 0.5356371490280778 0.5333333333333333 0.0734341252699784 0.06666666666666667
0 0.7386609071274298 0.5366666666666667 0.2548596112311015 0.07666666666666667
0 0.17278617710583155 0.75 0.14254859611231102 0.05
0 0.3801295896328294 0.76 0.1900647948164147 0.06666666666666667
0 0.705183585313175 0.7633333333333334 0.3736501079913607 0.07
