0 0.32181425485961124 0.08750000000000001 0.224622030237581 0.07833333333333334
0 0.5075593952483801 0.0825 0.13390928725701945 0.07500000000000001
0 0.6673866090712743 0.08833333333333333 0.09503239740820735 0.08666666666666667
0 0.7894168466522679 0.09583333333333334 0.17062634989200864 0.095
0 0.5593952483801297 0.3175 0.12095032397408208 0.08166666666666667
0 0.765658747300216 0.31083333333333335 0.2570194384449244 0.07500000000000001
0 0.18142548596112312 0.5358333333333334 0.14254859611231102 0.06833333333333334
0 0.37580993520518363 0.5358333333333334 0.24622030237580994 0.065
0 0.593952483801296 0.5375000000000001 0.15550755939524838 0.07500000000000001
0 0.7742980561555076 0.5383333333333333 0.2267818574514039 0.08
0 0.2267818574514039 0.77 0.23326133909287258 0.08
0 0.41576673866090713 0.7758333333333334 0.20518358531317496 0.095
0 0.6479481641468683 0.7766666666666667 0.2289416846652268 0.09333333333333334
0 0.7764578833693305 0.7733333333333334 0.06695464362850972 0.08666666666666667
0 0.8444924406047517 0.7733333333333334 0.08639308855291578 0.08333333333333334
