0 0.21490280777537799 0.08833333333333333 0.20950323974082075 0.08
0 0.38336933045356375 0.08833333333333333 0.16198704103671707 0.08
0 0.8120950323974082 0.11 0.1511879049676026 0.13
0 0.6209503239740821 0.3216666666666667 0.14470842332613393 0.09000000000000001
0 0.8088552915766739 0.3175 0.16198704103671707 0.08833333333333333
0 0.3963282937365011 0.5583333333333333 0.20518358531317496 0.11
0 0.6004319654427647 0.5383333333333333 0.17710583153347734 0.07333333333333333
0 0.785097192224622 0.53 0.183585313174946 0.07
0 0.1673866090712743 0.775 0.11015118790496761 0.09333333333333334
0 0.34989200863930886 0.7783333333333334 0.27213822894168466 0.10333333333333335
0 0.6220302375809935 0.765 0.1857451403887689 0.07333333333333333
0 0.7980561555075595 0.7608333333333334 0.16630669546436286 0.058333333333333334
