0 0.2224622030237581 0.08 0.23326133909287258 0.07333333333333333
0 0.43412526997840173 0.07916666666666668 0.12526997840172788 0.055
0 0.7710583153347733 0.08 0.23326133909287258 0.07333333333333333
0 0.183585313174946 0.3116666666666667 0.15982721382289417 0.07333333333333333
0 0.3844492440604752 0.3041666666666667 0.19438444924406048 0.065
0 0.6069114470842333 0.3066666666666667 0.21598272138228944 0.06333333333333334
0 0.785097192224622 0.29833333333333334 0.183585313174946 0.05
0 0.21598272138228944 0.7983333333333333 0.22030237580993522 0.09000000000000001
0 0.634989200863931 0.7766666666666667 0.20302375809935205 0.060000000000000005
0 0.8077753779697625 0.785 0.15982721382289417 0.07333333333333333
