0 0.24190064794816415 0.0775 0.25053995680345575 0.07500000000000001
0 0.19546436285097193 0.09666666666666668 0.17062634989200864 0.043333333333333335
0 0.603671706263499 0.07583333333333334 0.17494600431965443 0.065
0 0.8002159827213824 0.07333333333333333 0.183585313174946 0.06333333333333334
0 0.24514038876889852 0.3041666666666667 0.2699784017278618 0.065
0 0.42980561555075597 0.30083333333333334 0.10367170626349892 0.05166666666666667
0 0.5961123110151189 0.32333333333333336 0.19870410367170627 0.1
0 0.8012958963282938 0.3225 0.1900647948164147 0.095
0 0.26889848812095035 0.5316666666666667 0.3174946004319655 0.060000000000000005
0 0.7181425485961124 0.5641666666666667 0.3304535637149028 0.12833333333333335
0 0.2105831533477322 0.7683333333333334 0.20086393088552917 0.08
0 0.7300215982721383 0.7616666666666667 0.31533477321814257 0.06666666666666667
