0 0.5950323974082073 0.08416666666666667 0.3045356371490281 0.07500000000000001
0 0.8153347732181426 0.08666666666666667 0.14902807775377971 0.09000000000000001
0 0.2267818574514039 0.3275 0.23326133909287258 0.09833333333333334
0 0.4190064794816415 0.325 0.16414686825053998 0.09666666666666668
0 0.6177105831533478 0.3175 0.21166306695464365 0.08833333333333333
0 0.7829373650107991 0.315 0.1922246220302376 0.08
0 0.21490280777537799 0.5458333333333334 0.1965442764578834 0.08166666666666667
0 0.3963282937365011 0.5466666666666667 0.17926565874730022 0.08333333333333334
0 0.5561555075593952 0.5458333333333334 0.1144708423326134 0.08166666666666667
0 0.7613390928725703 0.535 0.23974082073434128 0.060000000000000005
0 0.21706263498920086 0.7883333333333333 0.20086393088552917 0.08
0 0.4060475161987041 0.7558333333333334 0.17278617710583155 0.05166666666666667
0 0.6015118790496761 0.7625000000000001 0.17062634989200864 0.065
0 0.7915766738660908 0.7725000000000001 0.17926565874730022 0.085
