0 0.28509719222462204 0.07250000000000001 0.3412526997840173 0.05166666666666667
0 0.5388768898488121 0.07916666666666668 0.07127429805615551 0.07166666666666667
0 0.7354211663066955 0.0825 0.2958963282937365 0.065
0 0.20086393088552917 0.3041666666666667 0.16414686825053998 0.058333333333333334
0 0.37257019438444927 0.31083333333333335 0.24838012958963285 0.07166666666666667
0 0.4697624190064795 0.32916666666666666 0.08855291576673867 0.04166666666666667
0 0.7451403887688985 0.3175 0.25053995680345575 0.085
0 0.29265658747300216 0.55 0.36069114470842334 0.09666666666666668
0 0.6501079913606912 0.5258333333333334 0.2678185745140389 0.05166666666666667
0 0.2526997840172786 0.7766666666666667 0.28941684665226786 0.09333333333333334
0 0.7116630669546437 0.77 0.35205183585313177 0.08333333333333334
