0 0.23650107991360692 0.08916666666666667 0.26133909287257023 0.08166666666666667
0 0.4125269978401728 0.08166666666666667 0.10367170626349892 0.06666666666666667
0 0.593952483801296 0.0775 0.1900647948164147 0.058333333333333334
0 0.7904967602591794 0.07416666666666667 0.19438444924406048 0.055
0 0.2807775377969763 0.3216666666666667 0.3412526997840173 0.09333333333333334
0 0.5853131749460043 0.31 0.20734341252699784 0.06666666666666667
0 0.7861771058315336 0.3075 0.21166306695464365 0.058333333333333334
0 0.1673866090712743 0.5366666666666667 0.12311015118790497 0.07333333333333333
0 0.22030237580993522 0.5575 0.12095032397408208 0.06166666666666667
0 0.2915766738660907 0.5433333333333333 0.13822894168466524 0.07666666666666667
0 0.5107991360691145 0.5283333333333333 0.30021598272138234 0.05333333333333334
0 0.2526997840172786 0.7591666666666668 0.1123110151187905 0.06833333333333334
0 0.39092872570194387 0.7533333333333334 0.1468682505399568 0.05666666666666667
0 0.6835853131749461 0.7658333333333334 0.3693304535637149 0.07833333333333334
