0 0.173866090712743 0.08 0.13174946004319654 0.060000000000000005
0 0.45464362850971923 0.2341666666666667 0.1144708423326134 0.045000000000000005
0 0.2937365010799136 0.3075 0.3844492440604752 0.065
0 0.4190064794816415 0.325 0.08639308855291578 0.04666666666666667
0 0.6252699784017279 0.3091666666666667 0.2699784017278618 0.065
0 0.806695464362851 0.3216666666666667 0.12742980561555076 0.09666666666666668
0 0.2526997840172786 0.5233333333333333 0.28941684665226786 0.04666666666666667
0 0.16306695464362853 0.5841666666666667 0.10583153347732183 0.085
0 0.38336933045356375 0.6375000000000001 0.11015118790496761 0.07166666666666667
0 0.2311015118790497 0.755 0.24190064794816415 0.05
0 0.603671706263499 0.7608333333333334 0.1533477321814255 0.06166666666666667
0 0.6803455723542117 0.7075 0.2548596112311015 0.028333333333333335
0 0.8304535637149029 0.7641666666666667 0.1144708423326134 0.055
