0 0.2429805615550756 0.21000000000000002 0.14902807775377971 0.05666666666666667
0 0.24406047516198706 0.3225 0.31101511879049676 0.095
0 0.44060475161987045 0.3116666666666667 0.13390928725701945 0.07333333333333333
0 0.6317494600431965 0.3216666666666667 0.21814254859611232 0.09333333333333334
0 0.8218142548596112 0.3175 0.16630669546436286 0.08833333333333333
0 0.15550755939524838 0.5558333333333334 0.13390928725701945 0.10166666666666667
0 0.29481641468682507 0.54 0.1965442764578834 0.06666666666666667
0 0.42980561555075597 0.5533333333333333 0.13390928725701945 0.09000000000000001
0 0.6187904967602592 0.5475 0.2224622030237581 0.08166666666666667
0 0.8120950323974082 0.5475 0.1857451403887689 0.08166666666666667
0 0.2580993520518359 0.79 0.17494600431965443 0.12000000000000001
0 0.42548596112311016 0.7816666666666667 0.1468682505399568 0.09333333333333334
0 0.6295896328293736 0.7733333333333334 0.21382289416846653 0.08333333333333334
0 0.8110151187904968 0.7825000000000001 0.20950323974082075 0.095
