0 0.30021598272138234 0.07666666666666667 0.3801295896328294 0.060000000000000005
0 0.20194384449244063 0.1125 0.13174946004319654 0.05166666666666667
0 0.306695464362851 0.32583333333333336 0.3930885529157668 0.09833333333333334
0 0.6339092872570194 0.08166666666666667 0.23974082073434128 0.06666666666666667
0 0.66414686825054 0.3216666666666667 0.17926565874730022 0.08
0 0.8153347732181426 0.3191666666666667 0.13174946004319654 0.085
0 0.22786177105831534 0.5491666666666667 0.2224622030237581 0.08833333333333333
0 0.42764578833693306 0.5425 0.1857451403887689 0.07833333333333334
0 0.632829373650108 0.5525 0.1900647948164147 0.09166666666666667
0 0.8023758099352052 0.5425 0.17062634989200864 0.08166666666666667
0 0.2289416846652268 0.7658333333333334 0.23758099352051837 0.07166666666666667
0 0.42980561555075597 0.7658333333333334 0.19870410367170627 0.07166666666666667
0 0.734341252699784 0.7808333333333334 0.306695464362851 0.09166666666666667
