0 0.21490280777537799 0.09083333333333334 0.23974082073434128 0.08833333333333333
0 0.41792656587473004 0.08583333333333334 0.183585313174946 0.07166666666666667
0 0.6706263498920086 0.09166666666666667 0.2958963282937365 0.09000000000000001
0 0.8542116630669547 0.09583333333333334 0.09287257019438445 0.10166666666666667
0 0.20086393088552917 0.3225 0.21598272138228944 0.10166666666666667
0 0.21706263498920086 0.3383333333333334 0.183585313174946 0.04666666666666667
0 0.3930885529157668 0.3216666666666667 0.19870410367170627 0.09333333333333334
0 0.6598272138228942 0.3116666666666667 0.3045356371490281 0.07333333333333333
0 0.8218142548596112 0.3616666666666667 0.04967602591792657 0.05
0 0.8455723542116631 0.45833333333333337 0.08423326133909288 0.04666666666666667
0 0.18466522678185746 0.5466666666666667 0.1965442764578834 0.09333333333333334
0 0.38660907127429806 0.555 0.23758099352051837 0.10666666666666667
0 0.6220302375809935 0.5483333333333333 0.21166306695464365 0.09333333333333334
0 0.8099352051835854 0.5466666666666667 0.1900647948164147 0.08333333333333334
0 0.8844492440604752 0.6000000000000001 0.05399568034557236 0.04
0 0.2224622030237581 0.7775000000000001 0.2634989200863931 0.09166666666666667
0 0.4838012958963283 0.7675000000000001 0.17710583153347734 0.06833333333333334
