0 0.19330453563714903 0.09666666666666668 0.2224622030237581 0.1
0 0.3779697624190065 0.0825 0.18142548596112312 0.08166666666666667
0 0.7667386609071275 0.09333333333333334 0.27645788336933047 0.1
0 0.19546436285097193 0.3066666666666667 0.17062634989200864 0.05666666666666667
0 0.38120950323974084 0.3116666666666667 0.2224622030237581 0.06666666666666667
0 0.7095032397408207 0.30833333333333335 0.38660907127429806 0.08
0 0.6015118790496761 0.535 0.1922246220302376 0.08
0 0.38552915766738666 0.6758333333333334 0.20950323974082075 0.07833333333333334
0 0.796976241900648 0.5416666666666667 0.21598272138228944 0.08
0 0.17278617710583155 0.7716666666666667 0.18142548596112312 0.08666666666666667
0 0.36069114470842334 0.9041666666666667 0.2937365010799136 0.08833333333333333
0 0.7138228941684666 0.7708333333333334 0.3779697624190065 0.085
0 0.7473002159827214 0.8558333333333333 0.10799136069114472 0.06166666666666667
