0 0.17710583153347734 0.10250000000000001 0.13390928725701945 0.115
0 0.2105831533477322 0.1125 0.09287257019438445 0.04833333333333334
0 0.38336933045356375 0.09083333333333334 0.265658747300216 0.085
0 0.5853131749460043 0.08583333333333334 0.08639308855291578 0.07166666666666667
0 0.7181425485961124 0.305 0.2958963282937365 0.05333333333333334
0 0.23974082073434128 0.5341666666666667 0.2634989200863931 0.06166666666666667
0 0.16198704103671707 0.5708333333333334 0.06911447084233262 0.058333333333333334
0 0.6997840172786177 0.5283333333333333 0.2634989200863931 0.05333333333333334
0 0.2084233261339093 0.7475 0.20086393088552917 0.04166666666666667
0 0.4136069114470843 0.7608333333333334 0.20950323974082075 0.07166666666666667
0 0.7451403887688985 0.7583333333333334 0.25053995680345575 0.060000000000000005
0 0.7591792656587474 0.7958333333333334 0.20950323974082075 0.06833333333333334
