0 0.3304535637149028 0.10250000000000001 0.1900647948164147 0.10833333333333334
0 0.5766738660907128 0.08 0.1511879049676026 0.06333333333333334
0 0.775377969762419 0.08166666666666667 0.224622030237581 0.06666666666666667
0 0.20086393088552917 0.3041666666666667 0.18142548596112312 0.065
0 0.4103671706263499 0.305 0.2548596112311015 0.06333333333333334
0 0.4719222462203024 0.32833333333333337 0.09719222462203024 0.03333333333333333
0 0.6501079913606912 0.3175 0.1900647948164147 0.09166666666666667
0 0.8077753779697625 0.31 0.16414686825053998 0.07666666666666667
0 0.1695464362850972 0.5408333333333334 0.1144708423326134 0.07500000000000001
0 0.3455723542116631 0.5575 0.2289416846652268 0.10833333333333334
0 0.5280777537796977 0.5583333333333333 0.10583153347732183 0.12000000000000001
0 0.6123110151187905 0.5625 0.08423326133909288 0.12833333333333335
0 0.7321814254859612 0.5650000000000001 0.14254859611231102 0.13333333333333333
0 0.265658747300216 0.775 0.3023758099352052 0.08666666666666667
0 0.4308855291576674 0.795 0.2311015118790497 0.12666666666666668
0 0.632829373650108 0.7716666666666667 0.15982721382289417 0.08333333333333334
0 0.8088552915766739 0.7725000000000001 0.14902807775377971 0.085
