0 0.2699784017278618 0.08750000000000001 0.31965442764578833 0.07833333333333334
0 0.7030237580993521 0.09250000000000001 0.3693304535637149 0.095
0 0.1857451403887689 0.32333333333333336 0.1857451403887689 0.10333333333333335
0 0.3736501079913607 0.30583333333333335 0.23326133909287258 0.06166666666666667
0 0.7030237580993521 0.32083333333333336 0.35205183585313177 0.09166666666666667
0 0.13714902807775378 0.5341666666666667 0.08855291576673867 0.065
0 0.3250539956803456 0.5291666666666667 0.28293736501079914 0.05166666666666667
0 0.37580993520518363 0.5458333333333334 0.03023758099352052 0.018333333333333333
0 0.43844492440604754 0.64 0.09935205183585313 0.05333333333333334
0 0.18466522678185746 0.6816666666666668 0.183585313174946 0.08
0 0.7516198704103673 0.5466666666666667 0.24622030237580994 0.08333333333333334
0 0.8045356371490281 0.6925 0.04535637149028078 0.04833333333333334
0 0.17602591792656588 0.7766666666666667 0.08855291576673867 0.07666666666666667
0 0.42008639308855295 0.7691666666666667 0.26133909287257023 0.07166666666666667
