0 0.173866090712743 0.07500000000000001 0.17494600431965443 0.060000000000000005
0 0.3455723542116631 0.07166666666666667 0.13822894168466524 0.05
0 0.6252699784017279 0.10500000000000001 0.04967602591792657 0.07
0 0.8639308855291578 0.09833333333333334 0.05183585313174946 0.07666666666666667
0 0.28293736501079914 0.32666666666666666 0.04319654427645789 0.08666666666666667
0 0.4784017278617711 0.3075 0.24406047516198706 0.06166666666666667
0 0.7537796976241901 0.30833333333333335 0.224622030237581 0.060000000000000005
0 0.5539956803455723 0.46 0.13606911447084233 0.05666666666666667
0 0.6144708423326134 0.5441666666666667 0.2570194384449244 0.08833333333333333
0 0.22138228941684668 0.7783333333333334 0.2526997840172786 0.09333333333333334
0 0.6339092872570194 0.78 0.2526997840172786 0.09333333333333334
0 0.8423326133909288 0.9091666666666667 0.12095032397408208 0.07833333333333334
