0 0.2494600431965443 0.07666666666666667 0.3174946004319655 0.06333333333333334
0 0.7062634989200864 0.08166666666666667 0.38876889848812096 0.07333333333333333
0 0.15226781857451405 0.31333333333333335 0.1144708423326134 0.07666666666666667
0 0.3099352051835853 0.3125 0.21814254859611232 0.07833333333333334
0 0.550755939524838 0.31083333333333335 0.07775377969762419 0.05166666666666667
0 0.7602591792656588 0.3091666666666667 0.2937365010799136 0.065
0 0.32937365010799136 0.5325000000000001 0.3779697624190065 0.058333333333333334
0 0.7300215982721383 0.5408333333333334 0.27213822894168466 0.07500000000000001
0 0.34233261339092874 0.7716666666666667 0.20518358531317496 0.08
0 0.5075593952483801 0.7666666666666667 0.1123110151187905 0.07333333333333333
0 0.724622030237581 0.7666666666666667 0.32613390928725705 0.08333333333333334
