0 0.562634989200864 0.10083333333333334 0.1144708423326134 0.04166666666666667
0 0.5853131749460043 0.06416666666666668 0.12526997840172788 0.035
0 0.7732181425485961 0.06666666666666667 0.24190064794816415 0.04
0 0.6587473002159827 0.08166666666666667 0.08639308855291578 0.04
0 0.7958963282937366 0.10083333333333334 0.18790496760259182 0.03833333333333334
0 0.2840172786177106 0.325 0.347732181425486 0.09000000000000001
0 0.5745140388768899 0.3216666666666667 0.20302375809935205 0.08666666666666667
0 0.7764578833693305 0.3191666666666667 0.2311015118790497 0.08166666666666667
0 0.23326133909287258 0.5533333333333333 0.23758099352051837 0.09000000000000001
0 0.439524838012959 0.5466666666666667 0.20950323974082075 0.08333333333333334
0 0.7375809935205184 0.55 0.3174946004319655 0.09000000000000001
0 0.18898488120950324 0.7741666666666667 0.1533477321814255 0.085
0 0.36285097192224625 0.775 0.20302375809935205 0.08
0 0.48488120950323976 0.7766666666666667 0.14470842332613393 0.09000000000000001
0 0.6576673866090713 0.7658333333333334 0.16630669546436286 0.07166666666666667
0 0.7710583153347733 0.775 0.1123110151187905 0.09666666666666668
0 0.8531317494600432 0.7783333333333334 0.08207343412526999 0.09333333333333334
