0 0.16198704103671707 0.07416666666666667 0.1123110151187905 0.05166666666666667
0 0.33369330453563717 0.08416666666666667 0.2224622030237581 0.06166666666666667
0 0.4881209503239741 0.09250000000000001 0.06479481641468683 0.035
0 0.8034557235421167 0.08666666666666667 0.1511879049676026 0.08666666666666667
0 0.3045356371490281 0.3125 0.38876889848812096 0.06833333333333334
0 0.5151187904967602 0.5291666666666667 0.14902807775377971 0.058333333333333334
0 0.695464362850972 0.5266666666666667 0.20302375809935205 0.05333333333333334
0 0.8347732181425487 0.5391666666666667 0.1144708423326134 0.085
0 0.6274298056155508 0.7541666666666668 0.2354211663066955 0.065
0 0.8185745140388769 0.7558333333333334 0.15982721382289417 0.06833333333333334
