0 0.17278617710583155 0.10666666666666667 0.15982721382289417 0.12333333333333334
0 0.3099352051835853 0.095 0.14038876889848814 0.09666666666666668
0 0.4244060475161987 0.095 0.12742980561555076 0.09333333333333334
0 0.6079913606911448 0.09916666666666667 0.20518358531317496 0.11166666666666668
0 0.7807775377969763 0.09833333333333334 0.24406047516198706 0.10666666666666667
0 0.8315334773218143 0.11666666666666667 0.12526997840172788 0.043333333333333335
0 0.2224622030237581 0.3066666666666667 0.2678185745140389 0.07
0 0.6695464362850972 0.3225 0.18142548596112312 0.09833333333333334
0 0.8390928725701944 0.32333333333333336 0.12742980561555076 0.10333333333333335
0 0.2591792656587473 0.5475 0.224622030237581 0.095
0 0.4319654427645789 0.54 0.12095032397408208 0.07
0 0.6846652267818575 0.5441666666666667 0.2591792656587473 0.085
0 0.44816414686825057 0.7758333333333334 0.26133909287257023 0.09833333333333334
