0 0.6252699784017279 0.07666666666666667 0.20518358531317496 0.07
0 0.1900647948164147 0.32916666666666666 0.20302375809935205 0.10500000000000001
0 0.6565874730021599 0.31083333333333335 0.23758099352051837 0.07166666666666667
0 0.8498920086393089 0.305 0.12742980561555076 0.06666666666666667
0 0.37580993520518363 0.5591666666666667 0.19870410367170627 0.10833333333333334
0 0.6015118790496761 0.5441666666666667 0.2311015118790497 0.07833333333333334
0 0.8142548596112311 0.5266666666666667 0.14254859611231102 0.05333333333333334
0 0.6371490280777539 0.765 0.2634989200863931 0.060000000000000005
0 0.8444924406047517 0.7641666666666667 0.12095032397408208 0.058333333333333334
0 0.2041036717062635 0.9041666666666667 0.21814254859611232 0.085
