0 0.2548596112311015 0.07833333333333334 0.28509719222462204 0.060000000000000005
0 0.49352051835853133 0.07250000000000001 0.1965442764578834 0.04833333333333334
0 0.7311015118790497 0.07416666666666667 0.24406047516198706 0.055
0 0.2267818574514039 0.30000000000000004 0.23326133909287258 0.04666666666666667
0 0.43412526997840173 0.30250000000000005 0.18142548596112312 0.06166666666666667
0 0.7084233261339093 0.29750000000000004 0.34989200863930886 0.045000000000000005
0 0.3920086393088553 0.5466666666666667 0.2570194384449244 0.09000000000000001
0 0.7149028077753781 0.5316666666666667 0.32829373650107996 0.060000000000000005
0 0.30021598272138234 0.7758333333333334 0.3801295896328294 0.085
0 0.613390928725702 0.7658333333333334 0.22030237580993522 0.06833333333333334
0 0.7948164146868251 0.7675000000000001 0.1857451403887689 0.07833333333333334
