0 0.1695464362850972 0.08333333333333334 0.12742980561555076 0.07
0 0.30561555075593955 0.08583333333333334 0.17926565874730022 0.06833333333333334
0 0.43844492440604754 0.07916666666666668 0.1123110151187905 0.06833333333333334
0 0.6403887688984882 0.07166666666666667 0.26133909287257023 0.05333333333333334
0 0.8358531317494601 0.0825 0.1511879049676026 0.07166666666666667
0 0.2041036717062635 0.3125 0.20950323974082075 0.08166666666666667
0 0.3779697624190065 0.3091666666666667 0.18142548596112312 0.065
0 0.5691144708423327 0.30833333333333335 0.14902807775377971 0.060000000000000005
0 0.7311015118790497 0.4608333333333334 0.17926565874730022 0.058333333333333334
0 0.2602591792656588 0.6216666666666667 0.21382289416846653 0.15666666666666668
0 0.7948164146868251 0.645 0.20302375809935205 0.21333333333333335
