0 0.2883369330453564 0.085 0.3779697624190065 0.08666666666666667
0 0.4233261339092873 0.13166666666666668 0.06479481641468683 0.08666666666666667
0 0.6997840172786177 0.09166666666666667 0.4190064794816415 0.09333333333333334
0 0.8153347732181426 0.155 0.17062634989200864 0.11333333333333334
0 0.22570194384449246 0.31583333333333335 0.2699784017278618 0.08833333333333333
0 0.4265658747300216 0.32916666666666666 0.17494600431965443 0.10833333333333334
0 0.6695464362850972 0.3166666666666667 0.2937365010799136 0.08
0 0.8412526997840173 0.30583333333333335 0.07991360691144708 0.06166666666666667
0 0.8671706263498921 0.3425 0.07127429805615551 0.055
0 0.17602591792656588 0.5491666666666667 0.17062634989200864 0.09166666666666667
0 0.3596112311015119 0.555 0.26133909287257023 0.09333333333333334
0 0.7062634989200864 0.5416666666666667 0.39740820734341253 0.06666666666666667
0 0.8423326133909288 0.5925 0.12526997840172788 0.085
