0 0.14254859611231102 0.07500000000000001 0.08207343412526999 0.03666666666666667
0 0.19438444924406048 0.09583333333333334 0.06911447084233262 0.045000000000000005
0 0.26457883369330454 0.07416666666666667 0.07991360691144708 0.04166666666666667
0 0.12311015118790497 0.11833333333333335 0.06911447084233262 0.04666666666666667
0 0.42764578833693306 0.08166666666666667 0.08207343412526999 0.05666666666666667
0 0.5712742980561556 0.08833333333333333 0.10151187904967603 0.05666666666666667
0 0.8218142548596112 0.11416666666666668 0.17062634989200864 0.06833333333333334
0 0.24838012958963285 0.3116666666666667 0.31101511879049676 0.08
0 0.58207343412527 0.32916666666666666 0.14038876889848814 0.11166666666666668
0 0.826133909287257 0.3066666666666667 0.1533477321814255 0.06666666666666667
0 0.26673866090712745 0.4691666666666667 0.21382289416846653 0.035
0 0.24622030237580994 0.54 0.19438444924406048 0.07666666666666667
0 0.4244060475161987 0.54 0.11879049676025918 0.07333333333333333
0 0.2311015118790497 0.7766666666666667 0.28941684665226786 0.08666666666666667
0 0.41576673866090713 0.765 0.11879049676025918 0.06333333333333334
0 0.6630669546436285 0.77 0.31965442764578833 0.08
0 0.8077753779697625 0.92 0.20302375809935205 0.04666666666666667
