0 0.19330453563714903 0.08666666666666667 0.20950323974082075 0.07666666666666667
0 0.39740820734341253 0.08750000000000001 0.1511879049676026 0.07833333333333334
0 0.5907127429805616 0.08916666666666667 0.17062634989200864 0.08166666666666667
0 0.7861771058315336 0.08 0.19870410367170627 0.07
0 0.35745140388768903 0.3116666666666667 0.2570194384449244 0.08666666666666667
0 0.6069114470842333 0.3075 0.23758099352051837 0.06833333333333334
0 0.7742980561555076 0.31083333333333335 0.12742980561555076 0.07833333333333334
0 0.22570194384449246 0.535 0.2699784017278618 0.07
0 0.44276457883369336 0.5283333333333333 0.10367170626349892 0.04666666666666667
0 0.7624190064794817 0.5441666666666667 0.2634989200863931 0.07833333333333334
0 0.8023758099352052 0.5791666666666667 0.09719222462203024 0.05166666666666667
0 0.1468682505399568 0.7858333333333334 0.10799136069114472 0.10500000000000001
0 0.29265658747300216 0.7916666666666667 0.20518358531317496 0.11
0 0.4416846652267819 0.7791666666666667 0.13606911447084233 0.09166666666666667
0 0.6479481641468683 0.7675000000000001 0.24190064794816415 0.06833333333333334
0 0.765658747300216 0.8150000000000001 0.09287257019438445 0.04666666666666667
