0 0.2105831533477322 0.07916666666666668 0.1922246220302376 0.065
0 0.38552915766738666 0.09000000000000001 0.183585313174946 0.08666666666666667
0 0.705183585313175 0.11583333333333334 0.40388768898488125 0.14166666666666666
0 0.14902807775377971 0.33 0.12526997840172788 0.12000000000000001
0 0.3358531317494601 0.3216666666666667 0.2699784017278618 0.1
0 0.7008639308855292 0.30583333333333335 0.3952483801295897 0.06833333333333334
0 0.8542116630669547 0.3408333333333334 0.07991360691144708 0.045000000000000005
0 0.28941684665226786 0.5375000000000001 0.32829373650107996 0.06833333333333334
0 0.541036717062635 0.5308333333333334 0.1144708423326134 0.055
0 0.7332613390928726 0.5358333333333334 0.265658747300216 0.058333333333333334
0 0.25377969762419006 0.7008333333333334 0.14902807775377971 0.045000000000000005
0 0.8434125269978402 0.6966666666666667 0.14038876889848814 0.04666666666666667
0 0.20194384449244063 0.7633333333333334 0.2224622030237581 0.06666666666666667
0 0.38876889848812096 0.7575000000000001 0.19438444924406048 0.055
0 0.4632829373650108 0.7866666666666667 0.028077753779697626 0.023333333333333334
0 0.6976241900647948 0.7683333333333334 0.306695464362851 0.07333333333333333
0 0.7386609071274298 0.9258333333333334 0.24622030237580994 0.035
