0 0.1781857451403888 0.08166666666666667 0.1922246220302376 0.08
0 0.3779697624190065 0.08666666666666667 0.24622030237580994 0.08
0 0.6166306695464363 0.08416666666666667 0.20086393088552917 0.08833333333333333
0 0.8228941684665227 0.07916666666666668 0.16414686825053998 0.07500000000000001
0 0.2041036717062635 0.30583333333333335 0.2267818574514039 0.06833333333333334
0 0.676025917926566 0.2991666666666667 0.34989200863930886 0.058333333333333334
0 0.7883369330453565 0.4608333333333334 0.23326133909287258 0.055
0 0.183585313174946 0.46166666666666667 0.1468682505399568 0.06333333333333334
0 0.2311015118790497 0.5658333333333334 0.3023758099352052 0.135
0 0.4578833693304536 0.5833333333333334 0.08639308855291578 0.09666666666666668
0 0.7192224622030238 0.545 0.3714902807775378 0.08666666666666667
0 0.7181425485961124 0.5783333333333334 0.07991360691144708 0.04666666666666667
0 0.20194384449244063 0.775 0.2311015118790497 0.08
0 0.3876889848812095 0.7708333333333334 0.20950323974082075 0.07500000000000001
0 0.6911447084233262 0.7616666666666667 0.23758099352051837 0.06666666666666667
0 0.6792656587473003 0.8041666666666667 0.1144708423326134 0.045000000000000005
