0 0.25593952483801297 0.07250000000000001 0.2915766738660907 0.05166666666666667
0 0.4784017278617711 0.0775 0.08855291576673867 0.06166666666666667
0 0.7030237580993521 0.06833333333333334 0.3088552915766739 0.04666666666666667
0 0.4060475161987041 0.3116666666666667 0.24190064794816415 0.08333333333333334
0 0.2516198704103672 0.5183333333333333 0.28725701943844495 0.043333333333333335
0 0.44060475161987045 0.5275000000000001 0.11663066954643629 0.055
0 0.6306695464362851 0.5325000000000001 0.23758099352051837 0.065
0 0.8142548596112311 0.55 0.1468682505399568 0.10333333333333335
0 0.1652267818574514 0.765 0.1144708423326134 0.07333333333333333
0 0.2958963282937365 0.775 0.1468682505399568 0.10333333333333335
0 0.43844492440604754 0.7725000000000001 0.13822894168466524 0.095
0 0.5399568034557236 0.7641666666666667 0.0734341252699784 0.06166666666666667
0 0.7408207343412527 0.7525000000000001 0.12095032397408208 0.045000000000000005
