0 0.32181425485961124 0.07416666666666667 0.3023758099352052 0.06166666666666667
0 0.591792656587473 0.07500000000000001 0.19870410367170627 0.060000000000000005
0 0.8239740820734341 0.0775 0.17062634989200864 0.058333333333333334
0 0.4470842332613391 0.3166666666666667 0.19870410367170627 0.08
0 0.6976241900647948 0.31583333333333335 0.19870410367170627 0.085
0 0.22030237580993522 0.5483333333333333 0.25053995680345575 0.09666666666666668
0 0.6209503239740821 0.5541666666666667 0.2267818574514039 0.09833333333333334
0 0.796976241900648 0.5416666666666667 0.13822894168466524 0.07333333333333333
0 0.2818574514038877 0.77 0.38660907127429806 0.07
0 0.6436285097192225 0.7875000000000001 0.05615550755939525 0.03166666666666667
