0 0.19870410367170627 0.09000000000000001 0.18142548596112312 0.08333333333333334
0 0.39740820734341253 0.08083333333333334 0.1857451403887689 0.06833333333333334
0 0.7062634989200864 0.08833333333333333 0.3714902807775378 0.08666666666666667
0 0.8315334773218143 0.12083333333333333 0.06911447084233262 0.035
0 0.20950323974082075 0.3191666666666667 0.19870410367170627 0.08166666666666667
0 0.37688984881209503 0.315 0.14902807775377971 0.08
0 0.4049676025917927 0.34833333333333333 0.09719222462203024 0.04666666666666667
0 0.5971922246220303 0.31083333333333335 0.08423326133909288 0.06833333333333334
0 0.7667386609071275 0.31083333333333335 0.24190064794816415 0.065
0 0.224622030237581 0.54 0.2289416846652268 0.06333333333333334
0 0.4287257019438445 0.5591666666666667 0.17062634989200864 0.10500000000000001
0 0.6058315334773219 0.5375000000000001 0.14902807775377971 0.07500000000000001
0 0.7948164146868251 0.5358333333333334 0.1857451403887689 0.06166666666666667
0 0.6619870410367171 0.7008333333333334 0.17926565874730022 0.04166666666666667
0 0.6112311015118791 0.7575000000000001 0.13822894168466524 0.04166666666666667
