0 0.29481641468682507 0.0825 0.3693304535637149 0.07500000000000001
0 0.22138228941684668 0.23500000000000001 0.2224622030237581 0.05333333333333334
0 0.7073434125269978 0.09083333333333334 0.3390928725701944 0.09833333333333334
0 0.2429805615550756 0.315 0.2786177105831534 0.08
0 0.40172786177105835 0.4575 0.17710583153347734 0.06166666666666667
0 0.5961123110151189 0.31083333333333335 0.17710583153347734 0.06833333333333334
0 0.7840172786177106 0.31583333333333335 0.24622030237580994 0.08833333333333333
0 0.23650107991360692 0.54 0.2699784017278618 0.07666666666666667
0 0.5021598272138229 0.5375000000000001 0.09287257019438445 0.065
0 0.26889848812095035 0.775 0.3563714902807776 0.08666666666666667
0 0.5809935205183586 0.7758333333333334 0.25053995680345575 0.08166666666666667
0 0.6274298056155508 0.92 0.14470842332613393 0.05666666666666667
0 0.8174946004319655 0.7625000000000001 0.12311015118790497 0.05166666666666667
