0 0.1695464362850972 0.07833333333333334 0.12311015118790497 0.060000000000000005
0 0.30129589632829373 0.07833333333333334 0.1533477321814255 0.060000000000000005
0 0.43412526997840173 0.07333333333333333 0.12958963282937366 0.05666666666666667
0 0.7192224622030238 0.07583333333333334 0.33693304535637153 0.058333333333333334
0 0.44600431965442766 0.3075 0.36069114470842334 0.07166666666666667
0 0.7721382289416847 0.31583333333333335 0.2354211663066955 0.08833333333333333
0 0.2041036717062635 0.5341666666666667 0.20518358531317496 0.065
0 0.3844492440604752 0.5216666666666667 0.13390928725701945 0.043333333333333335
0 0.6922246220302376 0.5308333333333334 0.3822894168466523 0.06166666666666667
0 0.796976241900648 0.5575 0.12526997840172788 0.03166666666666667
0 0.23218142548596113 0.7766666666666667 0.2526997840172786 0.09333333333333334
0 0.42548596112311016 0.7516666666666667 0.13822894168466524 0.04
0 0.7062634989200864 0.7708333333333334 0.3801295896328294 0.085
