0 0.2267818574514039 0.10666666666666667 0.23758099352051837 0.09666666666666668
0 0.4114470842332614 0.08916666666666667 0.16630669546436286 0.08833333333333333
0 0.5971922246220303 0.09083333333333334 0.17926565874730022 0.085
0 0.775377969762419 0.08916666666666667 0.20734341252699784 0.09166666666666667
0 0.18034557235421167 0.3241666666666667 0.14902807775377971 0.10500000000000001
0 0.42224622030237585 0.43000000000000005 0.11879049676025918 0.030000000000000002
0 0.42980561555075597 0.4666666666666667 0.10367170626349892 0.03666666666666667
0 0.8185745140388769 0.33083333333333337 0.12958963282937366 0.11166666666666668
0 0.8563714902807776 0.3741666666666667 0.08855291576673867 0.03166666666666667
0 0.20086393088552917 0.5358333333333334 0.17710583153347734 0.07166666666666667
0 0.32829373650107996 0.5283333333333333 0.10367170626349892 0.05333333333333334
