0 0.3142548596112311 0.10500000000000001 0.17494600431965443 0.11666666666666667
0 0.4676025917926566 0.10583333333333333 0.1144708423326134 0.115
0 0.6576673866090713 0.07666666666666667 0.17926565874730022 0.060000000000000005
0 0.8250539956803457 0.10416666666666667 0.13822894168466524 0.08833333333333333
0 0.15658747300215983 0.3091666666666667 0.13174946004319654 0.065
0 0.3023758099352052 0.32 0.19438444924406048 0.08333333333333334
0 0.20194384449244063 0.535 0.2267818574514039 0.06666666666666667
0 0.39956803455723544 0.5475 0.17710583153347734 0.09166666666666667
0 0.7894168466522679 0.5541666666666667 0.21814254859611232 0.10500000000000001
0 0.8466522678185746 0.6133333333333334 0.09503239740820735 0.043333333333333335
0 0.21166306695464365 0.7666666666666667 0.24622030237580994 0.07
0 0.42008639308855295 0.77 0.17494600431965443 0.07666666666666667
0 0.5669546436285098 0.7666666666666667 0.09287257019438445 0.07
0 0.6976241900647948 0.7775000000000001 0.16846652267818576 0.09833333333333334
0 0.8466522678185746 0.7733333333333334 0.13390928725701945 0.08
