0 0.15874730021598274 0.10333333333333335 0.08855291576673867 0.12333333333333334
0 0.2678185745140389 0.10833333333333334 0.13822894168466524 0.12666666666666668
0 0.17602591792656588 0.315 0.13174946004319654 0.08
0 0.3714902807775378 0.3091666666666667 0.24190064794816415 0.07500000000000001
0 0.5496760259179266 0.32 0.0755939524838013 0.09666666666666668
0 0.7365010799136069 0.3175 0.27645788336933047 0.085
0 0.8358531317494601 0.35000000000000003 0.07775377969762419 0.03666666666666667
0 0.2807775377969763 0.5416666666666667 0.29805615550755943 0.09000000000000001
0 0.5431965442764579 0.5341666666666667 0.13174946004319654 0.07500000000000001
0 0.7451403887688985 0.5383333333333333 0.27645788336933047 0.08
0 0.32829373650107996 0.7633333333333334 0.2807775377969763 0.07
0 0.19546436285097193 0.8133333333333334 0.06263498920086394 0.04666666666666667
0 0.7235421166306696 0.7583333333333334 0.32397408207343414 0.05333333333333334
0 0.7116630669546437 0.78 0.10151187904967603 0.04
