0 0.15226781857451405 0.09166666666666667 0.12311015118790497 0.08666666666666667
0 0.26241900647948163 0.09083333333333334 0.11879049676025918 0.08833333333333333
0 0.39956803455723544 0.10083333333333334 0.18142548596112312 0.11833333333333335
0 0.562634989200864 0.085 0.11015118790496761 0.07
0 0.755939524838013 0.09000000000000001 0.2937365010799136 0.09333333333333334
0 0.8639308855291578 0.12583333333333335 0.06479481641468683 0.035
0 0.19546436285097193 0.31333333333333335 0.20518358531317496 0.08333333333333334
0 0.37904967602591794 0.3075 0.1922246220302376 0.065
0 0.7451403887688985 0.3175 0.28509719222462204 0.09166666666666667
0 0.18250539956803458 0.54 0.14902807775377971 0.05
0 0.4006479481641469 0.5441666666666667 0.2354211663066955 0.085
0 0.7980561555075595 0.7916666666666667 0.21814254859611232 0.09333333333333334
