0 0.24406047516198706 0.085 0.25053995680345575 0.07666666666666667
0 0.43412526997840173 0.08416666666666667 0.10367170626349892 0.06833333333333334
0 0.6209503239740821 0.07833333333333334 0.20950323974082075 0.060000000000000005
0 0.7419006479481642 0.11833333333333335 0.10583153347732183 0.07333333333333333
0 0.8196544276457884 0.06916666666666667 0.14902807775377971 0.04166666666666667
0 0.2311015118790497 0.30833333333333335 0.24190064794816415 0.06666666666666667
0 0.41576673866090713 0.29500000000000004 0.13174946004319654 0.03666666666666667
0 0.572354211663067 0.3241666666666667 0.1468682505399568 0.10166666666666667
0 0.6965442764578834 0.2991666666666667 0.11015118790496761 0.04833333333333334
0 0.8088552915766739 0.3041666666666667 0.13606911447084233 0.04833333333333334
0 0.23218142548596113 0.5483333333333333 0.24406047516198706 0.09333333333333334
0 0.398488120950324 0.535 0.12742980561555076 0.06666666666666667
0 0.4989200863930886 0.5325000000000001 0.12958963282937366 0.058333333333333334
0 0.6457883369330454 0.545 0.13822894168466524 0.08666666666666667
0 0.8012958963282938 0.53 0.17278617710583155 0.05666666666666667
0 0.16414686825053998 0.7591666666666668 0.09503239740820735 0.058333333333333334
0 0.3347732181425486 0.7583333333333334 0.12095032397408208 0.06666666666666667
0 0.480561555075594 0.765 0.12311015118790497 0.06666666666666667
0 0.6933045356371491 0.7516666666666667 0.23326133909287258 0.05
