0 0.32937365010799136 0.08666666666666667 0.30021598272138234 0.08333333333333334
0 0.6663066954643629 0.08333333333333334 0.2526997840172786 0.07333333333333333
0 0.8520518358531318 0.09000000000000001 0.11015118790496761 0.08333333333333334
0 0.24190064794816415 0.30250000000000005 0.10799136069114472 0.06166666666666667
0 0.13606911447084233 0.32083333333333336 0.05615550755939525 0.08166666666666667
0 0.39092872570194387 0.3166666666666667 0.06479481641468683 0.07
0 0.6825053995680346 0.3075 0.23758099352051837 0.07500000000000001
0 0.8488120950323974 0.3125 0.11663066954643629 0.085
0 0.35205183585313177 0.5466666666666667 0.2591792656587473 0.09000000000000001
0 0.1717062634989201 0.7883333333333333 0.1533477321814255 0.11333333333333334
0 0.3920086393088553 0.7841666666666667 0.28293736501079914 0.11166666666666668
0 0.66414686825054 0.7758333333333334 0.24406047516198706 0.095
