0 0.19114470842332615 0.0775 0.20086393088552917 0.07166666666666667
0 0.4114470842332614 0.0775 0.14470842332613393 0.06833333333333334
0 0.14902807775377971 0.5508333333333334 0.11663066954643629 0.10166666666666667
0 0.32613390928725705 0.5441666666666667 0.32829373650107996 0.08166666666666667
0 0.3552915766738661 0.5733333333333334 0.28725701943844495 0.043333333333333335
0 0.7203023758099353 0.5541666666666667 0.3822894168466523 0.10833333333333334
0 0.6706263498920086 0.5833333333333334 0.14038876889848814 0.05333333333333334
0 0.14578833693304535 0.7808333333333334 0.11879049676025918 0.10833333333333334
0 0.408207343412527 0.79 0.19438444924406048 0.11666666666666667
0 0.6565874730021599 0.7808333333333334 0.16846652267818576 0.095
0 0.8131749460043197 0.7891666666666667 0.18790496760259182 0.10833333333333334
