0 0.1965442764578834 0.11166666666666668 0.16846652267818576 0.13
0 0.37257019438444927 0.10583333333333333 0.20950323974082075 0.125
0 0.6900647948164147 0.09833333333333334 0.39092872570194387 0.1
0 0.21166306695464365 0.315 0.20302375809935205 0.07333333333333333
0 0.398488120950324 0.31833333333333336 0.1965442764578834 0.09333333333333334
0 0.7958963282937366 0.32833333333333337 0.17926565874730022 0.10333333333333335
0 0.7861771058315336 0.41833333333333333 0.1511879049676026 0.060000000000000005
0 0.3714902807775378 0.5516666666666667 0.23326133909287258 0.09666666666666668
0 0.4470842332613391 0.5733333333333334 0.1468682505399568 0.07333333333333333
0 0.623110151187905 0.5483333333333333 0.18790496760259182 0.1
0 0.7645788336933046 0.5475 0.23758099352051837 0.09166666666666667
0 0.20194384449244063 0.7708333333333334 0.18790496760259182 0.085
0 0.3822894168466523 0.7575000000000001 0.1857451403887689 0.06166666666666667
0 0.5961123110151189 0.7633333333333334 0.22030237580993522 0.07
0 0.7991360691144709 0.7683333333333334 0.18142548596112312 0.08666666666666667
