0 0.22354211663066956 0.09666666666666668 0.27429805615550756 0.09333333333333334
0 0.4211663066954644 0.08583333333333334 0.13822894168466524 0.07500000000000001
0 0.5691144708423327 0.08833333333333333 0.12311015118790497 0.08
0 0.7602591792656588 0.08583333333333334 0.2807775377969763 0.07500000000000001
0 0.29805615550755943 0.31833333333333336 0.42764578833693306 0.07666666666666667
0 0.4524838012958964 0.3375 0.10583153347732183 0.07166666666666667
0 0.5809935205183586 0.3091666666666667 0.12095032397408208 0.07166666666666667
0 0.8585313174946004 0.3075 0.11879049676025918 0.065
0 0.66414686825054 0.5425 0.2786177105831534 0.08166666666666667
0 0.8434125269978402 0.545 0.11879049676025918 0.08666666666666667
0 0.28509719222462204 0.7833333333333334 0.4060475161987041 0.11
0 0.6155507559395249 0.7758333333333334 0.21598272138228944 0.08833333333333333
0 0.8088552915766739 0.7775000000000001 0.1965442764578834 0.08833333333333333
