0 0.1652267818574514 0.34 0.1144708423326134 0.15666666666666668
0 0.18898488120950324 0.35833333333333334 0.07127429805615551 0.11333333333333334
0 0.6479481641468683 0.07250000000000001 0.27213822894168466 0.04833333333333334
0 0.8326133909287258 0.07416666666666667 0.11015118790496761 0.058333333333333334
0 0.6285097192224622 0.30250000000000005 0.23758099352051837 0.055
0 0.8293736501079914 0.2941666666666667 0.11663066954643629 0.045000000000000005
0 0.3779697624190065 0.5308333333333334 0.36285097192224625 0.06166666666666667
0 0.7192224622030238 0.5408333333333334 0.31965442764578833 0.07833333333333334
0 0.23218142548596113 0.7658333333333334 0.24406047516198706 0.07166666666666667
0 0.4449244060475162 0.7533333333333334 0.1857451403887689 0.05333333333333334
0 0.6468682505399569 0.7633333333333334 0.2224622030237581 0.08
0 0.8120950323974082 0.7658333333333334 0.12526997840172788 0.07166666666666667
