0 0.21166306695464365 0.07416666666666667 0.19870410367170627 0.058333333333333334
0 0.6317494600431965 0.08583333333333334 0.4168466522678186 0.07833333333333334
0 0.7980561555075595 0.125 0.20950323974082075 0.03666666666666667
0 0.2699784017278618 0.3075 0.32829373650107996 0.06166666666666667
0 0.27645788336933047 0.46166666666666667 0.13390928725701945 0.05
0 0.6976241900647948 0.3041666666666667 0.29805615550755943 0.06166666666666667
0 0.6976241900647948 0.36083333333333334 0.16846652267818576 0.07166666666666667
0 0.21274298056155508 0.5491666666666667 0.2526997840172786 0.08833333333333333
0 0.4060475161987041 0.5416666666666667 0.16846652267818576 0.06666666666666667
0 0.6069114470842333 0.5508333333333334 0.20734341252699784 0.08833333333333333
0 0.8002159827213824 0.5383333333333333 0.20518358531317496 0.060000000000000005
0 0.5032397408207344 0.7683333333333334 0.27645788336933047 0.07333333333333333
0 0.8228941684665227 0.7583333333333334 0.15982721382289417 0.05333333333333334
