0 0.2354211663066955 0.07666666666666667 0.17278617710583155 0.05333333333333334
0 0.39416846652267823 0.09250000000000001 0.18790496760259182 0.07500000000000001
0 0.7278617710583154 0.08750000000000001 0.2289416846652268 0.07833333333333334
0 0.7980561555075595 0.21583333333333335 0.21814254859611232 0.09166666666666667
0 0.37257019438444927 0.3075 0.27429805615550756 0.07166666666666667
0 0.26241900647948163 0.3891666666666667 0.1965442764578834 0.06833333333333334
0 0.7105831533477323 0.32083333333333336 0.2591792656587473 0.09833333333333334
0 0.6835853131749461 0.3566666666666667 0.08423326133909288 0.043333333333333335
0 0.33153347732181426 0.5516666666666667 0.18790496760259182 0.09000000000000001
0 0.4740820734341253 0.5516666666666667 0.13174946004319654 0.09333333333333334
0 0.6997840172786177 0.5583333333333333 0.2807775377969763 0.10333333333333335
0 0.14254859611231102 0.7791666666666667 0.10799136069114472 0.09166666666666667
0 0.33693304535637153 0.7741666666666667 0.31101511879049676 0.07166666666666667
0 0.7537796976241901 0.7658333333333334 0.31101511879049676 0.06833333333333334
0 0.787257019438445 0.8266666666666668 0.24838012958963285 0.09666666666666668
