0 0.20194384449244063 0.08583333333333334 0.17062634989200864 0.085
0 0.4287257019438445 0.08583333333333334 0.21382289416846653 0.07500000000000001
0 0.7289416846652268 0.08833333333333333 0.3434125269978402 0.08
0 0.29481641468682507 0.3091666666666667 0.3347732181425486 0.06833333333333334
0 0.6576673866090713 0.30333333333333334 0.2786177105831534 0.06333333333333334
0 0.8563714902807776 0.29500000000000004 0.04535637149028078 0.04
0 0.30345572354211664 0.5558333333333334 0.2570194384449244 0.09833333333333334
0 0.7203023758099353 0.5433333333333333 0.3779697624190065 0.07666666666666667
0 0.8185745140388769 0.6958333333333334 0.18142548596112312 0.03833333333333334
0 0.40712742980561556 0.6866666666666668 0.183585313174946 0.06333333333333334
0 0.2861771058315335 0.7625000000000001 0.3390928725701944 0.06833333333333334
0 0.5604751619870411 0.77 0.14038876889848814 0.07
0 0.7667386609071275 0.7716666666666667 0.24190064794816415 0.07333333333333333
