0 0.2224622030237581 0.0775 0.224622030237581 0.06833333333333334
0 0.39956803455723544 0.08 0.15982721382289417 0.06666666666666667
0 0.5853131749460043 0.085 0.17278617710583155 0.07333333333333333
0 0.7764578833693305 0.08 0.20518358531317496 0.060000000000000005
0 0.2311015118790497 0.29583333333333334 0.25053995680345575 0.035
0 0.6004319654427647 0.30333333333333334 0.17710583153347734 0.05666666666666667
0 0.7861771058315336 0.31083333333333335 0.19438444924406048 0.06833333333333334
0 0.1673866090712743 0.53 0.11015118790496761 0.06333333333333334
0 0.36825053995680346 0.5258333333333334 0.3045356371490281 0.04833333333333334
0 0.6684665226781857 0.535 0.2699784017278618 0.06666666666666667
0 0.13822894168466524 0.7458333333333333 0.05615550755939525 0.045000000000000005
0 0.3228941684665227 0.7525000000000001 0.3174946004319655 0.055
0 0.6943844492440605 0.7583333333333334 0.3779697624190065 0.060000000000000005
