0 0.18898488120950324 0.0825 0.20086393088552917 0.085
0 0.38120950323974084 0.08 0.21382289416846653 0.07
0 0.6555075593952484 0.08083333333333334 0.30021598272138234 0.07166666666666667
0 0.8531317494600432 0.065 0.09935205183585313 0.05333333333333334
0 0.28293736501079914 0.3125 0.3714902807775378 0.07500000000000001
0 0.5842332613390929 0.315 0.20086393088552917 0.08666666666666667
0 0.7894168466522679 0.30583333333333335 0.23974082073434128 0.07166666666666667
0 0.30021598272138234 0.5458333333333334 0.4233261339092873 0.09166666666666667
0 0.449244060475162 0.5800000000000001 0.11663066954643629 0.08
0 0.6436285097192225 0.5425 0.20734341252699784 0.08166666666666667
0 0.17494600431965443 0.765 0.15982721382289417 0.06666666666666667
0 0.3617710583153348 0.7725000000000001 0.2526997840172786 0.08166666666666667
0 0.816414686825054 0.9116666666666667 0.17710583153347734 0.06666666666666667
