0 0.24514038876889852 0.07166666666666667 0.13174946004319654 0.060000000000000005
0 0.39416846652267823 0.07916666666666668 0.11015118790496761 0.07833333333333334
0 0.4989200863930886 0.2025 0.07775377969762419 0.12166666666666667
0 0.6803455723542117 0.07583333333333334 0.21166306695464365 0.065
0 0.8671706263498921 0.0775 0.07991360691144708 0.06166666666666667
0 0.21706263498920086 0.3041666666666667 0.2526997840172786 0.058333333333333334
0 0.40172786177105835 0.3041666666666667 0.17278617710583155 0.055
0 0.7311015118790497 0.305 0.2786177105831534 0.06333333333333334
0 0.21382289416846653 0.54 0.24190064794816415 0.07666666666666667
0 0.37904967602591794 0.53 0.1533477321814255 0.05666666666666667
0 0.6825053995680346 0.5425 0.3326133909287257 0.08166666666666667
0 0.5777537796976242 0.675 0.1144708423326134 0.05666666666666667
0 0.4060475161987041 0.7816666666666667 0.21166306695464365 0.10666666666666667
0 0.6425485961123111 0.7691666666666667 0.23974082073434128 0.06833333333333334
0 0.8250539956803457 0.7625000000000001 0.1511879049676026 0.065
