0 0.705183585313175 0.08916666666666667 0.2786177105831534 0.08833333333333333
0 0.7721382289416847 0.10916666666666668 0.12311015118790497 0.065
0 0.1652267818574514 0.32333333333333336 0.16630669546436286 0.10333333333333335
0 0.30021598272138234 0.29333333333333333 0.13390928725701945 0.043333333333333335
0 0.40928725701943847 0.3016666666666667 0.11879049676025918 0.05
0 0.4136069114470843 0.4191666666666667 0.10151187904967603 0.03833333333333334
0 0.5712742980561556 0.3225 0.16630669546436286 0.10166666666666667
0 0.7019438444924406 0.31583333333333335 0.1123110151187905 0.07833333333333334
0 0.826133909287257 0.3175 0.16630669546436286 0.08833333333333333
0 0.27429805615550756 0.5366666666666667 0.2678185745140389 0.060000000000000005
0 0.5539956803455723 0.5483333333333333 0.09287257019438445 0.09333333333333334
0 0.6425485961123111 0.5508333333333334 0.10583153347732183 0.08833333333333333
0 0.7602591792656588 0.5508333333333334 0.18142548596112312 0.09166666666666667
0 0.8704103671706264 0.5466666666666667 0.06911447084233262 0.08
0 0.1857451403887689 0.7808333333333334 0.1900647948164147 0.08833333333333333
0 0.39956803455723544 0.7675000000000001 0.20734341252699784 0.06166666666666667
0 0.6069114470842333 0.9116666666666667 0.17278617710583155 0.06666666666666667
0 0.7181425485961124 0.7733333333333334 0.3304535637149028 0.08666666666666667
