0 0.33153347732181426 0.08083333333333334 0.27429805615550756 0.06833333333333334
0 0.7332613390928726 0.07416666666666667 0.23974082073434128 0.05166666666666667
0 0.28725701943844495 0.32916666666666666 0.09503239740820735 0.12166666666666667
0 0.4265658747300216 0.29833333333333334 0.20086393088552917 0.04666666666666667
0 0.6285097192224622 0.32916666666666666 0.19870410367170627 0.10500000000000001
0 0.24190064794816415 0.5516666666666667 0.27213822894168466 0.11
0 0.4168466522678186 0.5616666666666666 0.09503239740820735 0.11666666666666667
0 0.5604751619870411 0.5508333333333334 0.12311015118790497 0.10166666666666667
0 0.7073434125269978 0.5616666666666666 0.1144708423326134 0.12000000000000001
0 0.32829373650107996 0.755 0.33693304535637153 0.05333333333333334
