0 0.173866090712743 0.11333333333333334 0.17062634989200864 0.13
0 0.40172786177105835 0.11583333333333334 0.22030237580993522 0.14166666666666666
0 0.6220302375809935 0.09000000000000001 0.20302375809935205 0.08333333333333334
0 0.8315334773218143 0.08583333333333334 0.15550755939524838 0.08166666666666667
0 0.20086393088552917 0.3091666666666667 0.21598272138228944 0.07166666666666667
0 0.4146868250539957 0.33166666666666667 0.1511879049676026 0.12000000000000001
0 0.654427645788337 0.31333333333333335 0.3023758099352052 0.08333333333333334
0 0.183585313174946 0.55 0.1900647948164147 0.09666666666666668
0 0.38660907127429806 0.5558333333333334 0.21598272138228944 0.10166666666666667
0 0.6241900647948164 0.5683333333333334 0.24190064794816415 0.08666666666666667
0 0.8304535637149029 0.6658333333333334 0.13606911447084233 0.11166666666666668
0 0.2732181425485961 0.775 0.2699784017278618 0.09000000000000001
0 0.5593952483801297 0.7833333333333334 0.18142548596112312 0.10333333333333335
