0 0.19330453563714903 0.08083333333333334 0.17926565874730022 0.06833333333333334
0 0.38876889848812096 0.07583333333333334 0.23758099352051837 0.06166666666666667
0 0.6922246220302376 0.08833333333333333 0.20086393088552917 0.08666666666666667
0 0.8434125269978402 0.07916666666666668 0.11879049676025918 0.06833333333333334
0 0.20086393088552917 0.38 0.21598272138228944 0.07666666666666667
0 0.7192224622030238 0.31 0.29805615550755943 0.08
0 0.16846652267818576 0.5341666666666667 0.15982721382289417 0.065
0 0.3412526997840173 0.5325000000000001 0.1900647948164147 0.055
0 0.6814254859611232 0.5458333333333334 0.3045356371490281 0.08833333333333333
0 0.15874730021598274 0.7625000000000001 0.13174946004319654 0.065
0 0.2861771058315335 0.7641666666666667 0.16630669546436286 0.065
0 0.7526997840172787 0.7625000000000001 0.3045356371490281 0.06833333333333334
