0 0.2591792656587473 0.0825 0.29805615550755943 0.07833333333333334
0 0.562634989200864 0.09083333333333334 0.2311015118790497 0.058333333333333334
0 0.7710583153347733 0.3041666666666667 0.16414686825053998 0.058333333333333334
0 0.6220302375809935 0.4025 0.05183585313174946 0.03833333333333334
0 0.4028077753779698 0.47250000000000003 0.1922246220302376 0.058333333333333334
0 0.42008639308855295 0.5266666666666667 0.10151187904967603 0.04
0 0.4308855291576674 0.6333333333333334 0.07127429805615551 0.060000000000000005
0 0.5755939524838013 0.5466666666666667 0.09719222462203024 0.08666666666666667
0 0.7580993520518359 0.5533333333333333 0.2548596112311015 0.09666666666666668
0 0.5885529157667387 0.9058333333333334 0.14470842332613393 0.07166666666666667
