0 0.4265658747300216 0.09833333333333334 0.2570194384449244 0.09333333333333334
0 0.6576673866090713 0.09000000000000001 0.17494600431965443 0.07666666666666667
0 0.816414686825054 0.085 0.12526997840172788 0.07
0 0.18898488120950324 0.315 0.17062634989200864 0.07333333333333333
0 0.4211663066954644 0.3125 0.27645788336933047 0.08166666666666667
0 0.7030237580993521 0.32 0.24838012958963285 0.07666666666666667
0 0.8347732181425487 0.3491666666666667 0.07991360691144708 0.058333333333333334
0 0.3714902807775378 0.5491666666666667 0.2548596112311015 0.085
0 0.8488120950323974 0.6133333333333334 0.05183585313174946 0.03666666666666667
0 0.2861771058315335 0.7783333333333334 0.2915766738660907 0.09333333333333334
0 0.58207343412527 0.7908333333333334 0.14902807775377971 0.12166666666666667
