0 0.1857451403887689 0.11083333333333334 0.1468682505399568 0.12833333333333335
0 0.3714902807775378 0.08166666666666667 0.21598272138228944 0.07333333333333333
0 0.7257019438444925 0.07583333333333334 0.306695464362851 0.055
0 0.31317494600431967 0.3091666666666667 0.4060475161987041 0.065
0 0.6922246220302376 0.30833333333333335 0.3174946004319655 0.06666666666666667
0 0.21814254859611232 0.5425 0.21598272138228944 0.08166666666666667
0 0.4168466522678186 0.5258333333333334 0.14254859611231102 0.05166666666666667
0 0.7019438444924406 0.5533333333333333 0.3714902807775378 0.09000000000000001
0 0.7678185745140389 0.5533333333333333 0.2311015118790497 0.043333333333333335
0 0.40388768898488125 0.7541666666666668 0.17278617710583155 0.04833333333333334
0 0.5745140388768899 0.7575000000000001 0.23758099352051837 0.055
