0 0.16090712742980562 0.0775 0.09719222462203024 0.06166666666666667
0 0.3660907127429806 0.08166666666666667 0.3088552915766739 0.07333333333333333
0 0.6339092872570194 0.07500000000000001 0.1965442764578834 0.06666666666666667
0 0.8120950323974082 0.06916666666666667 0.15550755939524838 0.045000000000000005
0 0.17926565874730022 0.29833333333333334 0.13822894168466524 0.05333333333333334
0 0.35745140388768903 0.30333333333333334 0.2354211663066955 0.05666666666666667
0 0.6706263498920086 0.3141666666666667 0.3822894168466523 0.085
0 0.21274298056155508 0.5366666666666667 0.20518358531317496 0.06333333333333334
0 0.4233261339092873 0.5308333333333334 0.24190064794816415 0.065
0 0.7159827213822895 0.5358333333333334 0.3434125269978402 0.06833333333333334
0 0.296976241900648 0.7616666666666667 0.36501079913606915 0.060000000000000005
