0 0.15982721382289417 0.085 0.14254859611231102 0.08
0 0.338012958963283 0.0825 0.3347732181425486 0.07500000000000001
0 0.3876889848812095 0.22666666666666668 0.23974082073434128 0.07
0 0.5993520518358532 0.1125 0.15766738660907129 0.13166666666666668
0 0.7861771058315336 0.10833333333333334 0.24622030237580994 0.12000000000000001
0 0.296976241900648 0.30250000000000005 0.2570194384449244 0.058333333333333334
0 0.6587473002159827 0.3275 0.3023758099352052 0.10500000000000001
0 0.23650107991360692 0.5391666666666667 0.26133909287257023 0.08166666666666667
0 0.4103671706263499 0.5425 0.1511879049676026 0.07500000000000001
0 0.6263498920086393 0.5491666666666667 0.24622030237580994 0.095
0 0.8174946004319655 0.5416666666666667 0.17494600431965443 0.08
0 0.19978401727861772 0.765 0.21382289416846653 0.07333333333333333
0 0.3952483801295897 0.7675000000000001 0.224622030237581 0.06833333333333334
0 0.2516198704103672 0.7891666666666667 0.1144708423326134 0.025
0 0.6015118790496761 0.7808333333333334 0.1533477321814255 0.10500000000000001
