0 0.2311015118790497 0.07250000000000001 0.12095032397408208 0.058333333333333334
0 0.4049676025917927 0.09166666666666667 0.20086393088552917 0.09000000000000001
0 0.5799136069114471 0.07916666666666668 0.1144708423326134 0.06166666666666667
0 0.7894168466522679 0.0775 0.2311015118790497 0.065
0 0.306695464362851 0.2991666666666667 0.14254859611231102 0.04833333333333334
0 0.398488120950324 0.3166666666666667 0.183585313174946 0.07666666666666667
0 0.6177105831533478 0.30583333333333335 0.2289416846652268 0.058333333333333334
0 0.785097192224622 0.315 0.1533477321814255 0.08
0 0.1533477321814255 0.5416666666666667 0.11663066954643629 0.08
0 0.347732181425486 0.54 0.28509719222462204 0.07666666666666667
0 0.6371490280777539 0.5408333333333334 0.21166306695464365 0.07833333333333334
0 0.8358531317494601 0.5391666666666667 0.09935205183585313 0.058333333333333334
0 0.14038876889848814 0.7733333333333334 0.08639308855291578 0.09000000000000001
0 0.3358531317494601 0.7675000000000001 0.2267818574514039 0.065
0 0.6911447084233262 0.7591666666666668 0.3326133909287257 0.06166666666666667
0 0.787257019438445 0.8083333333333333 0.09719222462203024 0.04666666666666667
