0 0.23218142548596113 0.08666666666666667 0.2267818574514039 0.07
0 0.41576673866090713 0.09083333333333334 0.17494600431965443 0.07833333333333334
0 0.5615550755939526 0.09083333333333334 0.0734341252699784 0.08833333333333333
0 0.7149028077753781 0.095 0.23326133909287258 0.08666666666666667
0 0.28941684665226786 0.3141666666666667 0.35853131749460043 0.085
0 0.6727861771058316 0.3066666666666667 0.38660907127429806 0.060000000000000005
0 0.2775377969762419 0.5308333333333334 0.3304535637149028 0.05166666666666667
0 0.7149028077753781 0.5266666666666667 0.2634989200863931 0.05
0 0.2602591792656588 0.7533333333333334 0.30021598272138234 0.05
0 0.6738660907127431 0.755 0.35853131749460043 0.05333333333333334
