0 0.19330453563714903 0.0775 0.20950323974082075 0.06833333333333334
0 0.38660907127429806 0.085 0.21598272138228944 0.07333333333333333
0 0.8131749460043197 0.09166666666666667 0.0755939524838013 0.07
0 0.2267818574514039 0.3216666666666667 0.27213822894168466 0.09333333333333334
0 0.43304535637149033 0.32583333333333336 0.16630669546436286 0.10166666666666667
0 0.7181425485961124 0.3125 0.3952483801295897 0.08166666666666667
0 0.27645788336933047 0.5525 0.3714902807775378 0.095
0 0.7030237580993521 0.555 0.3736501079913607 0.09333333333333334
0 0.26673866090712745 0.78 0.36501079913606915 0.10333333333333335
0 0.6425485961123111 0.775 0.09719222462203024 0.06666666666666667
