0 0.28941684665226786 0.08583333333333334 0.3542116630669547 0.07500000000000001
0 0.5658747300215983 0.09916666666666667 0.12958963282937366 0.10500000000000001
0 0.3455723542116631 0.31333333333333335 0.24622030237580994 0.07666666666666667
0 0.7613390928725703 0.31333333333333335 0.30021598272138234 0.07666666666666667
0 0.14146868250539957 0.5416666666666667 0.10151187904967603 0.08
0 0.3412526997840173 0.5458333333333334 0.32397408207343414 0.08833333333333333
0 0.6144708423326134 0.5575 0.21814254859611232 0.11166666666666668
0 0.8174946004319655 0.5416666666666667 0.20518358531317496 0.08
0 0.2224622030237581 0.775 0.25053995680345575 0.08
0 0.42224622030237585 0.78 0.18790496760259182 0.09333333333333334
0 0.7138228941684666 0.775 0.3045356371490281 0.08666666666666667
