0 0.2105831533477322 0.07416666666666667 0.20086393088552917 0.065
0 0.4006479481641469 0.07666666666666667 0.18790496760259182 0.07
0 0.5593952483801297 0.08166666666666667 0.08639308855291578 0.08
0 0.6825053995680346 0.07250000000000001 0.17710583153347734 0.07166666666666667
0 0.8315334773218143 0.0775 0.1468682505399568 0.07166666666666667
0 0.7678185745140389 0.15916666666666668 0.05399568034557236 0.035
0 0.19762419006479484 0.3166666666666667 0.2224622030237581 0.09000000000000001
0 0.3898488120950324 0.30833333333333335 0.18790496760259182 0.06666666666666667
0 0.5950323974082073 0.305 0.18790496760259182 0.07
0 0.785097192224622 0.3125 0.2224622030237581 0.06833333333333334
0 0.857451403887689 0.3591666666666667 0.08207343412526999 0.04833333333333334
0 0.13714902807775378 0.555 0.09719222462203024 0.10333333333333335
0 0.26457883369330454 0.535 0.16630669546436286 0.06333333333333334
0 0.4049676025917927 0.6675000000000001 0.15766738660907129 0.10500000000000001
0 0.5680345572354212 0.5408333333333334 0.17278617710583155 0.07833333333333334
0 0.7105831533477323 0.545 0.1123110151187905 0.09333333333333334
0 0.8196544276457884 0.5441666666666667 0.1533477321814255 0.07500000000000001
0 0.15550755939524838 0.7816666666666667 0.14254859611231102 0.10666666666666667
0 0.3488120950323974 0.7741666666666667 0.28725701943844495 0.08833333333333333
0 0.603671706263499 0.7866666666666667 0.20518358531317496 0.11333333333333334
0 0.8110151187904968 0.7733333333333334 0.18790496760259182 0.08333333333333334
0 0.7332613390928726 0.9083333333333334 0.1922246220302376 0.08
