0 0.5518358531317495 0.12916666666666668 0.23974082073434128 0.1716666666666667
0 0.7775377969762419 0.16166666666666668 0.23758099352051837 0.18666666666666668
0 0.2408207343412527 0.5525 0.3045356371490281 0.10500000000000001
0 0.6090712742980562 0.5583333333333333 0.20302375809935205 0.10333333333333335
0 0.8012958963282938 0.5475 0.21166306695464365 0.085
0 0.3714902807775378 0.6983333333333334 0.24190064794816415 0.05
0 0.21706263498920086 0.775 0.2526997840172786 0.08
0 0.43628509719222464 0.7708333333333334 0.15982721382289417 0.07500000000000001
0 0.765658747300216 0.7733333333333334 0.28293736501079914 0.07666666666666667
0 0.8023758099352052 0.9183333333333334 0.21382289416846653 0.05666666666666667
