0 0.30021598272138234 0.08083333333333334 0.1900647948164147 0.065
0 0.47516198704103674 0.08333333333333334 0.17278617710583155 0.07666666666666667
0 0.6274298056155508 0.08 0.1922246220302376 0.06333333333333334
0 0.785097192224622 0.09000000000000001 0.20950323974082075 0.08333333333333334
0 0.1900647948164147 0.315 0.16846652267818576 0.08
0 0.3876889848812095 0.3041666666666667 0.21814254859611232 0.055
0 0.6533477321814255 0.315 0.2786177105831534 0.09000000000000001
0 0.8390928725701944 0.31333333333333335 0.09719222462203024 0.09666666666666668
0 0.2267818574514039 0.5483333333333333 0.23758099352051837 0.09333333333333334
0 0.4190064794816415 0.5375000000000001 0.1468682505399568 0.07500000000000001
0 0.6252699784017279 0.5408333333333334 0.2311015118790497 0.07833333333333334
0 0.8077753779697625 0.5425 0.15982721382289417 0.09166666666666667
0 0.18790496760259182 0.7583333333333334 0.15550755939524838 0.060000000000000005
0 0.39416846652267823 0.77 0.26133909287257023 0.08666666666666667
0 0.6663066954643629 0.7708333333333334 0.21814254859611232 0.08166666666666667
0 0.8239740820734341 0.7725000000000001 0.12742980561555076 0.08166666666666667
