0 0.16630669546436286 0.07833333333333334 0.1511879049676026 0.060000000000000005
0 0.37688984881209503 0.07833333333333334 0.2267818574514039 0.06333333333333334
0 0.7116630669546437 0.0775 0.2311015118790497 0.06166666666666667
0 0.8563714902807776 0.0775 0.09719222462203024 0.06166666666666667
0 0.16414686825053998 0.305 0.13822894168466524 0.060000000000000005
0 0.3099352051835853 0.30333333333333334 0.17494600431965443 0.05666666666666667
0 0.6220302375809935 0.3016666666666667 0.23326133909287258 0.05
0 0.6263498920086393 0.3566666666666667 0.0734341252699784 0.04666666666666667
0 0.21166306695464365 0.5775 0.20302375809935205 0.07500000000000001
0 0.16846652267818576 0.8350000000000001 0.1511879049676026 0.06666666666666667
0 0.4470842332613391 0.8708333333333333 0.12095032397408208 0.058333333333333334
0 0.6241900647948164 0.545 0.19870410367170627 0.08666666666666667
0 0.8023758099352052 0.5366666666666667 0.17494600431965443 0.05666666666666667
0 0.6209503239740821 0.77 0.1922246220302376 0.07333333333333333
0 0.8239740820734341 0.8475 0.14902807775377971 0.08166666666666667
