0 0.21922246220302377 0.07583333333333334 0.21814254859611232 0.065
0 0.42764578833693306 0.08083333333333334 0.10799136069114472 0.07833333333333334
0 0.5755939524838013 0.08750000000000001 0.15766738660907129 0.085
0 0.7742980561555076 0.08083333333333334 0.20086393088552917 0.07500000000000001
0 0.21166306695464365 0.3075 0.20734341252699784 0.065
0 0.5788336933045357 0.3075 0.13390928725701945 0.07833333333333334
0 0.7688984881209504 0.3066666666666667 0.23326133909287258 0.06333333333333334
0 0.29481641468682507 0.5358333333333334 0.3693304535637149 0.07166666666666667
0 0.6317494600431965 0.5416666666666667 0.265658747300216 0.08
0 0.8315334773218143 0.5458333333333334 0.10367170626349892 0.08166666666666667
0 0.20734341252699784 0.7666666666666667 0.20302375809935205 0.07
0 0.3963282937365011 0.7616666666666667 0.17062634989200864 0.06666666666666667
0 0.6090712742980562 0.7641666666666667 0.1857451403887689 0.07166666666666667
0 0.7991360691144709 0.7733333333333334 0.16846652267818576 0.09000000000000001
