0 0.3747300215982722 0.0825 0.23974082073434128 0.08166666666666667
0 0.6457883369330454 0.08583333333333334 0.27645788336933047 0.085
0 0.8326133909287258 0.08583333333333334 0.13606911447084233 0.08166666666666667
0 0.1695464362850972 0.32583333333333336 0.16198704103671707 0.11166666666666668
0 0.4114470842332614 0.3775 0.1533477321814255 0.085
0 0.7300215982721383 0.43000000000000005 0.16414686825053998 0.060000000000000005
0 0.6468682505399569 0.4566666666666667 0.28293736501079914 0.06333333333333334
0 0.1468682505399568 0.6066666666666667 0.11663066954643629 0.13
0 0.224622030237581 0.8841666666666668 0.20734341252699784 0.11166666666666668
0 0.49784017278617715 0.885 0.21814254859611232 0.12000000000000001
0 0.7721382289416847 0.895 0.26133909287257023 0.1
