0 0.17602591792656588 0.09916666666666667 0.13174946004319654 0.11166666666666668
0 0.36825053995680346 0.08416666666666667 0.2570194384449244 0.07833333333333334
0 0.6630669546436285 0.09250000000000001 0.2678185745140389 0.10166666666666667
0 0.806695464362851 0.09250000000000001 0.14902807775377971 0.08833333333333333
0 0.3099352051835853 0.3075 0.40388768898488125 0.06833333333333334
0 0.6468682505399569 0.3041666666666667 0.2224622030237581 0.06166666666666667
0 0.816414686825054 0.30333333333333334 0.14254859611231102 0.06666666666666667
0 0.7084233261339093 0.5491666666666667 0.35853131749460043 0.09833333333333334
0 0.7732181425485961 0.5716666666666667 0.08207343412526999 0.04666666666666667
0 0.30021598272138234 0.7975000000000001 0.3844492440604752 0.13833333333333334
0 0.613390928725702 0.7608333333333334 0.21598272138228944 0.065
0 0.7926565874730022 0.7633333333333334 0.1857451403887689 0.08
