0 0.17602591792656588 0.0975 0.12311015118790497 0.07166666666666667
0 0.29265658747300216 0.085 0.10151187904967603 0.08
0 0.4190064794816415 0.09583333333333334 0.1511879049676026 0.08833333333333333
0 0.6025917926565875 0.08416666666666667 0.17278617710583155 0.06166666666666667
0 0.785097192224622 0.08416666666666667 0.20086393088552917 0.06833333333333334
0 0.40928725701943847 0.31 0.1965442764578834 0.07666666666666667
0 0.7213822894168467 0.31083333333333335 0.3326133909287257 0.07500000000000001
0 0.25377969762419006 0.5425 0.2915766738660907 0.07833333333333334
0 0.48704103671706267 0.5266666666666667 0.14902807775377971 0.05666666666666667
0 0.1922246220302376 0.7641666666666667 0.17278617710583155 0.08166666666666667
0 0.36501079913606915 0.7725000000000001 0.16414686825053998 0.08833333333333333
0 0.4622030237580994 0.8166666666666668 0.09071274298056156 0.06333333333333334
0 0.5788336933045357 0.755 0.10367170626349892 0.05333333333333334
0 0.7462203023758099 0.7641666666666667 0.2267818574514039 0.07500000000000001
